0.2124265, 1, 1000
0.2177914, 1, 1001
0.2124265, 1, 1002
0.210647, 1, 1003
0.2053348, 1, 1004
0.2142104, 1, 1005
0.2110915, 1, 1006
0.2182403, 1, 1007
0.215104, 1, 1008
0.2200386, 1, 1009
0.2018149, 2, 1010
0.2236486, 2, 1011
0.196567, 2, 1012
0.2004993, 2, 1013
0.2013761, 2, 1014
0.1970029, 2, 1015
0.2009376, 2, 1016
0.2222928, 2, 1017
0.2263681, 2, 1018
0.2268224, 2, 1019
0.2241012, 2, 1020
0.256505, 2, 1021
0.1952609, 2, 1022
0.1952609, 2, 1023
0.198749, 2, 1024
0.2236486, 3, 1025
0.1900603, 3, 1026
0.2295539, 3, 1027
0.2177914, 3, 1028
0.2128721, 3, 1029
0.210647, 3, 1030
0.2075435, 3, 1031
0.2040128, 3, 1032
0.2009376, 3, 1033
0.2066592, 3, 1034
0.2084289, 3, 1035
0.2075435, 3, 1036
0.2013761, 3, 1037
0.2084289, 3, 1038
0.2093153, 3, 1039
0.135197, 4, 1040
0.2009376, 4, 1041
0.205776, 4, 1042
0.2013761, 4, 1043
0.2110915, 4, 1044
0.1952609, 4, 1045
0.198749, 4, 1046
0.1930895, 4, 1047
0.2022539, 4, 1048
0.2227444, 4, 1049
0.191357, 4, 1050
0.2142104, 4, 1051
0.2155511, 5, 1052
0.215104, 5, 1053
0.2026933, 5, 1054
0.2159986, 5, 1055
0.2313806, 5, 1056
0.06108852, 5, 1057
0.2236486, 5, 1058
0.1935232, 5, 1059
0.2327537, 5, 1060
0.2204889, 5, 1061
0.2341294, 5, 1062
0.2191388, 5, 1063
0.2341294, 5, 1064
0.06980956, 6, 1065
0.2133179, 6, 1066
0.2000613, 6, 1067
0.215104, 6, 1068
0.205776, 6, 1069
0.205776, 6, 1070
0.205776, 6, 1071
0.2124265, 7, 1072
0.1683662, 7, 1073
0.2128721, 7, 1074
0.2164464, 7, 1075
0.3728726, 7, 1076
0.1952609, 8, 1077
0.2071012, 8, 1078
0.2009376, 8, 1079
0.2040128, 8, 1080
0.210647, 8, 1081
0.1917897, 8, 1082
0.2133179, 8, 1083
0.2009376, 8, 1084
0.1608625, 8, 1085
0.2155511, 8, 1086
0.1978754, 8, 1087
0.2268224, 8, 1088
0.2268224, 9, 1089
0.2236486, 9, 1090
0.2359678, 9, 1091
0.1917897, 9, 1092
0.1935232, 9, 1093
0.1917897, 9, 1094
0.2598268, 9, 1095
0.2489691, 9, 1096
0.2026933, 9, 1097
0.195696, 9, 1098
0.210647, 9, 1099
0.2013761, 9, 1100
0.2124265, 10, 1101
0.205776, 10, 1102
0.2066592, 10, 1103
0.210647, 10, 1104
0.2128721, 10, 1105
0.2093153, 10, 1106
0.2088719, 10, 1107
0.2110915, 10, 1108
0.2071012, 10, 1109
0.2053348, 10, 1110
0.2035727, 10, 1111
0.205776, 10, 1112
0.1970029, 10, 1113
0.205776, 11, 1114
0.198749, 11, 1115
0.2177914, 11, 1116
0.1952609, 11, 1117
0.196567, 11, 1118
0.2410476, 11, 1119
0.2222928, 11, 1120
0.1935232, 11, 1121
0.2031329, 11, 1122
0.1961314, 11, 1123
0.1978754, 11, 1124
0.2119812, 11, 1125
0.205776, 12, 1126
0.2124265, 12, 1127
0.1896286, 12, 1128
0.2254605, 12, 1129
0.1922227, 12, 1130
0.1853258, 12, 1131
0.1930895, 12, 1132
0.196567, 12, 1133
0.1633551, 12, 1134
0.1793445, 12, 1135
0.2164464, 13, 1136
0.210647, 13, 1137
0.2124265, 13, 1138
0.2115362, 13, 1139
0.2119812, 13, 1140
0.2084289, 13, 1141
0.205776, 13, 1142
0.2124265, 13, 1143
0.2040128, 13, 1144
0.2062175, 13, 1145
0.3349484, 13, 1146
0.2084289, 14, 1147
0.2182403, 14, 1148
0.1288215, 14, 1149
0.2593513, 14, 1150
0.2195885, 14, 1151
0.2009376, 14, 1152
0.209759, 14, 1153
0.3995016, 14, 1154
0.1996236, 14, 1155
0.214657, 15, 1156
0.2102029, 15, 1157
0.2133179, 15, 1158
0.196567, 15, 1159
0.2191388, 15, 1160
0.2142104, 15, 1161
0.2128721, 15, 1162
0.2231964, 15, 1163
0.2048939, 15, 1164
0.3312633, 15, 1165
0.1801959, 16, 1166
0.2341294, 16, 1167
0.3044615, 16, 1168
0.192656, 16, 1169
0.215104, 16, 1170
0.1922227, 16, 1171
0.1900603, 16, 1172
0.1844683, 16, 1173
0.2200386, 16, 1174
0.215104, 17, 1175
0.2102029, 17, 1176
0.1991862, 17, 1177
0.2387341, 17, 1178
0.2066592, 17, 1179
0.2110915, 17, 1180
0.214657, 17, 1181
0.2075435, 17, 1182
0.214657, 19, 1183
0.198749, 19, 1184
0.2177914, 19, 1185
0.197439, 19, 1186
0.2018149, 19, 1187
0.2155511, 19, 1188
0.2009376, 19, 1189
0.2213902, 19, 1190
0.2040128, 19, 1191
0.2177914, 20, 1192
0.2040128, 20, 1193
0.197439, 20, 1194
0.1904923, 20, 1195
0.1935232, 20, 1196
0.1970029, 20, 1197
0.1991862, 20, 1198
0.07384215, 20, 1199
0.1810484, 20, 1200
0.1848968, 20, 1201
0.1917897, 21, 1202
0.2227444, 21, 1203
0.1952609, 21, 1204
0.1861843, 21, 1205
0.1935232, 21, 1206
0.2222928, 21, 1207
0.2236486, 21, 1208
0.2236486, 21, 1209
0.1917897, 21, 1210
0.2213902, 22, 1211
0.198749, 22, 1212
0.2022539, 22, 1213
0.2159986, 22, 1214
0.1952609, 22, 1215
0.2182403, 22, 1216
0.2110915, 22, 1217
0.1819018, 22, 1218
0.1687854, 22, 1219
0.2218414, 22, 1220
0.2503761, 22, 1221
0.09246158, 22, 1222
0.2213902, 22, 1223
0.224554, 23, 1224
0.2250071, 23, 1225
0.2268224, 23, 1226
0.2231964, 23, 1227
0.2213902, 23, 1228
0.2004993, 23, 1229
0.2168945, 23, 1230
0.2004993, 23, 1231
0.2013761, 23, 1232
0.2110915, 23, 1233
0.2026933, 23, 1234
0.188766, 23, 1235
0.2053348, 23, 1236
0.2044532, 23, 1237
0.2040128, 23, 1238
0.2062175, 24, 1239
0.205776, 24, 1240
0.2124265, 24, 1241
0.2084289, 24, 1242
0.2110915, 24, 1243
0.2009376, 24, 1244
0.2142104, 24, 1245
0.2000613, 24, 1246
0.2286422, 24, 1247
0.210647, 24, 1248
0.2009376, 24, 1249
0.197439, 24, 1250
0.2128721, 24, 1251
0.2186894, 25, 1252
0.2182403, 25, 1253
0.2250071, 25, 1254
0.2191388, 25, 1255
0.214657, 25, 1256
0.1961314, 25, 1257
0.2236486, 25, 1258
0.1935232, 25, 1259
0.2022539, 25, 1260
0.1943916, 25, 1261
0.198312, 25, 1262
0.2062175, 25, 1263
0.2173428, 25, 1264
0.1978754, 25, 1265
0.2387341, 26, 1266
0.1840399, 26, 1267
0.2309235, 26, 1268
0.1917897, 26, 1269
0.2341294, 26, 1270
0.1900603, 26, 1271
0.2241012, 26, 1272
0.1930895, 26, 1273
0.1917897, 26, 1274
0.2295539, 26, 1275
0.2026933, 26, 1276
0.1970029, 26, 1277
0.1943916, 27, 1278
0.2040128, 27, 1279
0.198749, 27, 1280
0.2040128, 27, 1281
0.2164464, 27, 1282
0.2009376, 27, 1283
0.2048939, 27, 1284
0.2088719, 27, 1285
0.2035727, 27, 1286
0.2013761, 27, 1287
0.2075435, 27, 1288
0.209759, 27, 1289
0.2093153, 27, 1290
0.2164464, 28, 1291
0.2013761, 28, 1292
0.209759, 28, 1293
0.1729906, 29, 1294
0.209759, 29, 1295
0.198749, 29, 1296
0.2168945, 29, 1297
0.198749, 29, 1298
0.2000613, 29, 1299
0.198749, 30, 1300
0.2164464, 30, 1301
0.1952609, 30, 1302
0.196567, 30, 1303
0.1991862, 30, 1304
0.2213902, 30, 1305
0.1904923, 30, 1306
0.2164464, 30, 1307
0.2168945, 30, 1308
0.214657, 30, 1309
0.2142104, 30, 1310
0.2155511, 30, 1311
0.1952609, 30, 1312
0.2218414, 31, 1313
0.1970029, 31, 1314
0.2396586, 31, 1315
0.214657, 31, 1316
0.2204889, 31, 1317
0.1935232, 31, 1318
0.2222928, 31, 1319
0.2268224, 31, 1320
0.2300101, 31, 1321
0.1823289, 31, 1322
0.2964111, 31, 1323
0.188335, 31, 1324
0.1464914, 31, 1325
0.188335, 32, 1326
0.1952609, 32, 1327
0.188766, 32, 1328
0.1870438, 32, 1329
0.2272769, 32, 1330
0.2268224, 32, 1331
0.2250071, 32, 1332
0.1917897, 32, 1333
0.2286422, 32, 1334
0.2213902, 32, 1335
0.1554912, 32, 1336
0.2004993, 33, 1337
0.2177914, 33, 1338
0.2124265, 33, 1339
0.2119812, 33, 1340
0.2124265, 33, 1341
0.2022539, 33, 1342
0.2093153, 33, 1343
0.2075435, 33, 1344
0.2075435, 33, 1345
0.2022539, 33, 1346
0.2066592, 33, 1347
0.205776, 34, 1348
0.2093153, 34, 1349
0.2124265, 34, 1350
0.2378109, 34, 1351
0.2155511, 34, 1352
0.2093153, 34, 1353
0.2084289, 34, 1354
0.2004993, 34, 1355
0.1978754, 34, 1356
0.2124265, 34, 1357
0.2124265, 34, 1358
0.214657, 35, 1359
0.2084289, 35, 1360
0.2110915, 35, 1361
0.2177914, 35, 1362
0.2168945, 35, 1363
0.2133179, 35, 1364
0.3937531, 35, 1365
0.210647, 35, 1366
0.196567, 35, 1367
0.195696, 36, 1368
0.2213902, 36, 1369
0.1939573, 36, 1370
0.214657, 36, 1371
0.2128721, 36, 1372
0.2410476, 36, 1373
0.2236486, 36, 1374
0.1935232, 36, 1375
0.1922227, 36, 1376
0.1930895, 36, 1377
0.1943916, 36, 1378
0.2124265, 37, 1379
0.2093153, 37, 1380
0.2110915, 37, 1381
0.2084289, 37, 1382
0.2268224, 37, 1383
0.2053348, 37, 1384
0.1891972, 37, 1385
0.2128721, 37, 1386
0.2341294, 38, 1387
0.1861843, 38, 1388
0.2300101, 38, 1389
0.2277318, 38, 1390
0.2241012, 38, 1391
0.09472848, 38, 1392
0.191357, 38, 1393
0.2424392, 38, 1394
0.196567, 38, 1395
0.231838, 38, 1396
0.2300101, 39, 1397
0.2359678, 39, 1398
0.2295539, 39, 1399
0.2222928, 39, 1400
0.1900603, 39, 1401
0.2300101, 39, 1402
0.2236486, 39, 1403
0.235048, 39, 1404
0.1879044, 41, 1405
0.2218414, 41, 1406
0.2277318, 41, 1407
0.2470974, 41, 1408
0.1861843, 41, 1409
0.2236486, 41, 1410
0.1948261, 41, 1411
0.2164464, 41, 1412
0.2110915, 42, 1413
0.2110915, 42, 1414
0.2124265, 42, 1415
0.2093153, 42, 1416
0.2009376, 42, 1417
0.2142104, 42, 1418
0.198749, 42, 1419
0.2000613, 42, 1420
0.1943916, 42, 1421
0.2124265, 42, 1422
0.1970029, 42, 1423
0.198749, 42, 1424
0.2272769, 43, 1425
0.2286422, 43, 1426
0.2336705, 43, 1427
0.1952609, 43, 1428
0.2231964, 43, 1429
0.188335, 43, 1430
0.1904923, 43, 1431
0.2000613, 43, 1432
0.1917897, 43, 1433
0.2177914, 43, 1434
0.1734124, 43, 1435
0.2254605, 43, 1436
0.2336705, 43, 1437
0.214657, 43, 1438
0.195696, 43, 1439
0.1952609, 43, 1440
0.2173428, 44, 1441
0.1575524, 44, 1442
0.2164464, 44, 1443
0.2053348, 44, 1444
0.2182403, 44, 1445
0.2009376, 44, 1446
0.205776, 44, 1447
0.207986, 44, 1448
0.1008087, 44, 1449
0.2128721, 44, 1450
0.2102029, 44, 1451
0.2128721, 44, 1452
0.2075435, 44, 1453
0.2102029, 44, 1454
0.2066592, 44, 1455
0.2088719, 45, 1456
0.2574524, 45, 1457
0.2066592, 45, 1458
0.2013761, 45, 1459
0.210647, 45, 1460
0.2489691, 45, 1461
0.2035727, 45, 1462
0.2110915, 45, 1463
0.2110915, 45, 1464
0.1633551, 45, 1465
0.209759, 45, 1466
0.2084289, 45, 1467
0.2071012, 45, 1468
0.2177914, 45, 1469
0.2013761, 46, 1470
0.2102029, 46, 1471
0.2119812, 46, 1472
0.2066592, 46, 1473
0.2250071, 46, 1474
0.2195885, 46, 1475
0.2004993, 46, 1476
0.1970029, 46, 1477
0.2004993, 46, 1478
0.197439, 46, 1479
0.2128721, 46, 1480
0.1961314, 46, 1481
0.214657, 47, 1482
0.1853258, 47, 1483
0.2254605, 47, 1484
0.1952609, 47, 1485
0.2177914, 47, 1486
0.1922227, 47, 1487
0.2177914, 47, 1488
0.1978754, 47, 1489
0.2396586, 47, 1490
0.1961314, 47, 1491
0.2119812, 47, 1492
0.2110915, 47, 1493
0.2088719, 47, 1494
0.2177914, 47, 1495
0.2355077, 48, 1496
0.1819018, 48, 1497
0.2341294, 48, 1498
0.1935232, 48, 1499
0.2309235, 48, 1500
0.1935232, 48, 1501
0.2336705, 48, 1502
0.1861843, 48, 1503
0.2213902, 48, 1504
0.192656, 48, 1505
0.188335, 49, 1506
0.2304667, 49, 1507
0.3634777, 49, 1508
0.1866139, 49, 1509
0.2332119, 49, 1510
0.1870438, 49, 1511
0.2236486, 49, 1512
0.195696, 49, 1513
0.195696, 49, 1514
0.2013761, 49, 1515
0.2133179, 51, 1516
0.2128721, 51, 1517
0.2009376, 51, 1518
0.2110915, 51, 1519
0.2009376, 51, 1520
0.146085, 51, 1521
0.210647, 51, 1522
0.2164464, 51, 1523
0.2035727, 51, 1524
0.209759, 51, 1525
0.2128721, 51, 1526
0.2742388, 51, 1527
0.1900603, 52, 1528
0.2044532, 52, 1529
0.07715843, 52, 1530
0.2088719, 52, 1531
0.2071012, 52, 1532
0.207986, 52, 1533
0.2075435, 52, 1534
0.2084289, 52, 1535
0.2084289, 52, 1536
0.2093153, 52, 1537
0.2155511, 52, 1538
0.2155511, 52, 1539
0.2429037, 53, 1540
0.2031329, 53, 1541
0.2168945, 53, 1542
0.2018149, 53, 1543
0.2115362, 53, 1544
0.2110915, 53, 1545
0.2013761, 53, 1546
0.214657, 53, 1547
0.2159986, 53, 1548
0.2155511, 53, 1549
0.2195885, 53, 1550
0.2128721, 54, 1551
0.2177914, 54, 1552
0.1952609, 54, 1553
0.1996236, 54, 1554
0.2075435, 54, 1555
0.1970029, 54, 1556
0.2382724, 54, 1557
0.224554, 54, 1558
0.1961314, 54, 1559
0.198749, 54, 1560
0.2000613, 54, 1561
0.1952609, 55, 1562
0.2128721, 55, 1563
0.1970029, 55, 1564
0.2004993, 55, 1565
0.1917897, 55, 1566
0.1866139, 55, 1567
0.2341294, 55, 1568
0.1900603, 55, 1569
0.2290979, 55, 1570
0.1935232, 56, 1571
0.2295539, 56, 1572
0.1861843, 56, 1573
0.2231964, 56, 1574
0.1608625, 56, 1575
0.188335, 56, 1576
0.09246158, 56, 1577
0.1943916, 56, 1578
0.2236486, 56, 1579
0.188335, 56, 1580
0.1836118, 57, 1581
0.1900603, 57, 1582
0.2313806, 57, 1583
0.1633551, 57, 1584
0.2290979, 57, 1585
0.1952609, 57, 1586
0.214657, 57, 1587
0.2142104, 57, 1588
0.2124265, 57, 1589
0.198749, 57, 1590
0.2124265, 58, 1591
0.1477121, 58, 1592
0.2128721, 58, 1593
0.2124265, 58, 1594
0.2084289, 58, 1595
0.205776, 58, 1596
0.2062175, 58, 1597
0.2088719, 58, 1598
0.2000613, 58, 1599
0.2062175, 59, 1600
0.2013761, 59, 1601
0.1935232, 59, 1602
0.1996236, 59, 1603
0.1452728, 59, 1604
0.2286422, 59, 1605
0.214657, 59, 1606
0.2164464, 59, 1607
0.2159986, 60, 1608
0.2128721, 60, 1609
0.2031329, 60, 1610
0.198749, 60, 1611
0.2088719, 60, 1612
0.2110915, 60, 1613
0.2168945, 60, 1614
0.2177914, 60, 1615
0.197439, 60, 1616
0.2124265, 61, 1617
0.214657, 61, 1618
0.1225018, 61, 1619
0.2142104, 61, 1620
0.1978754, 61, 1621
0.195696, 61, 1622
0.197439, 61, 1623
0.2044532, 61, 1624
0.3044615, 61, 1625
0.207986, 62, 1626
0.2013761, 63, 1627
0.2128721, 63, 1628
0.2022539, 63, 1629
0.2128721, 63, 1630
0.1061712, 63, 1631
0.2124265, 63, 1632
0.2110915, 63, 1633
0.195696, 63, 1634
0.205776, 63, 1635
0.210647, 63, 1636
0.2004993, 63, 1637
0.2124265, 64, 1638
0.198749, 64, 1639
0.2102029, 64, 1640
0.2110915, 64, 1641
0.209759, 64, 1642
0.2004993, 64, 1643
0.2110915, 64, 1644
0.2088719, 64, 1645
0.2155511, 64, 1646
0.2164464, 64, 1647
0.2177914, 64, 1648
0.2075435, 64, 1649
0.2110915, 64, 1650
0.209759, 64, 1651
0.1952609, 64, 1652
0.1952609, 65, 1653
0.1952609, 65, 1654
0.241975, 65, 1655
0.3338936, 65, 1656
0.2142104, 65, 1657
0.2173428, 65, 1658
0.2182403, 65, 1659
0.1713055, 65, 1660
0.2213902, 65, 1661
0.2989172, 65, 1662
0.2213902, 65, 1663
0.2213902, 65, 1664
0.2164464, 65, 1665
0.2009376, 65, 1666
0.198312, 66, 1667
0.1772203, 66, 1668
0.2231964, 66, 1669
0.2241012, 66, 1670
0.2040128, 66, 1671
0.1772203, 66, 1672
0.2295539, 66, 1673
0.2300101, 66, 1674
0.2236486, 66, 1675
0.195696, 66, 1676
0.2177914, 66, 1677
0.1996236, 66, 1678
0.166692, 66, 1679
0.195696, 66, 1680
0.2259142, 67, 1681
0.2195885, 67, 1682
0.2155511, 67, 1683
0.1970029, 67, 1684
0.3182536, 67, 1685
0.2071012, 67, 1686
0.2035727, 67, 1687
0.209759, 67, 1688
0.2084289, 67, 1689
0.2128721, 67, 1690
0.198749, 67, 1691
0.2124265, 67, 1692
0.2124265, 67, 1693
0.2405843, 68, 1694
0.2155511, 68, 1695
0.2062175, 68, 1696
0.205776, 68, 1697
0.2155511, 68, 1698
0.205776, 68, 1699
0.207986, 68, 1700
0.1991862, 68, 1701
0.2084289, 68, 1702
0.2044532, 68, 1703
0.2119812, 68, 1704
0.2433684, 68, 1705
0.2075435, 69, 1706
0.2084289, 69, 1707
0.2084289, 69, 1708
0.197439, 69, 1709
0.198749, 69, 1710
0.2026933, 69, 1711
0.2115362, 69, 1712
0.1146793, 69, 1713
0.215104, 69, 1714
0.2155511, 69, 1715
0.2004993, 69, 1716
0.2071012, 69, 1717
0.2128721, 70, 1718
0.1767962, 70, 1719
0.2110915, 70, 1720
0.2182403, 70, 1721
0.1767962, 70, 1722
0.2124265, 70, 1723
0.2204889, 70, 1724
0.2022539, 70, 1725
0.2009376, 70, 1726
0.2177914, 70, 1727
0.2195885, 70, 1728
0.2236486, 70, 1729
0.2177914, 71, 1730
0.2222928, 71, 1731
0.1952609, 71, 1732
0.2236486, 71, 1733
0.2004993, 71, 1734
0.196567, 71, 1735
0.196567, 71, 1736
0.195696, 71, 1737
0.1857549, 72, 1738
0.2044532, 73, 1739
0.2031329, 73, 1740
0.2102029, 73, 1741
0.2000613, 73, 1742
0.2004993, 73, 1743
0.2110915, 73, 1744
0.198749, 73, 1745
0.1996236, 73, 1746
0.1970029, 73, 1747
0.1970029, 73, 1748
0.3291659, 74, 1749
0.1853258, 74, 1750
0.209759, 74, 1751
0.1970029, 74, 1752
0.1772203, 74, 1753
0.2250071, 74, 1754
0.2359678, 74, 1755
0.1900603, 74, 1756
0.1870438, 74, 1757
0.1961314, 74, 1758
0.2250071, 74, 1759
0.1900603, 74, 1760
0.1909245, 75, 1761
0.2286422, 75, 1762
0.2048939, 75, 1763
0.0902017, 75, 1764
0.2213902, 75, 1765
0.1848968, 75, 1766
0.1879044, 75, 1767
0.1900603, 75, 1768
0.187474, 75, 1769
0.2241012, 75, 1770
0.1844683, 76, 1771
0.2119812, 76, 1772
0.2009376, 76, 1773
0.2840092, 76, 1774
0.2009376, 76, 1775
0.1996236, 76, 1776
0.2013761, 76, 1777
0.2031329, 76, 1778
0.2048939, 76, 1779
0.2128721, 76, 1780
0.2040128, 77, 1781
0.213764, 77, 1782
0.198312, 77, 1783
0.2093153, 77, 1784
0.2133179, 77, 1785
0.2031329, 77, 1786
0.2066592, 77, 1787
0.2124265, 77, 1788
0.2048939, 77, 1789
0.205776, 77, 1790
0.2177914, 78, 1791
0.2013761, 78, 1792
0.2177914, 78, 1793
0.2124265, 78, 1794
0.205776, 78, 1795
0.2128721, 78, 1796
0.210647, 78, 1797
0.2071012, 78, 1798
0.2009376, 78, 1799
0.205776, 78, 1800
0.198749, 79, 1801
0.198749, 79, 1802
0.2466302, 79, 1803
0.2013761, 79, 1804
0.2009376, 79, 1805
0.1991862, 79, 1806
0.2013761, 79, 1807
0.2128721, 79, 1808
0.205776, 79, 1809
0.1554912, 80, 1810
0.2075435, 80, 1811
0.2177914, 80, 1812
0.2110915, 80, 1813
0.1970029, 80, 1814
0.2009376, 80, 1815
0.2018149, 80, 1816
0.2004993, 80, 1817
0.198749, 80, 1818
0.188766, 81, 1819
0.213764, 81, 1820
0.2177914, 81, 1821
0.3931807, 81, 1822
0.2304667, 81, 1823
0.2004993, 81, 1824
0.2191388, 81, 1825
0.1935232, 81, 1826
0.2286422, 81, 1827
0.1970029, 82, 1828
0.1943916, 82, 1829
0.1952609, 82, 1830
0.198749, 82, 1831
0.2084289, 82, 1832
0.2026933, 82, 1833
0.2004993, 82, 1834
0.2062175, 82, 1835
0.1978754, 82, 1836
0.2110915, 82, 1837
0.2022539, 83, 1838
0.1991862, 83, 1839
0.2013761, 83, 1840
0.2044532, 83, 1841
0.06798396, 83, 1842
0.2133179, 83, 1843
0.370651, 83, 1844
0.1713055, 83, 1845
0.1930895, 83, 1846
0.1991862, 83, 1847
0.197439, 83, 1848
0.2088719, 84, 1849
0.1952609, 85, 1850
0.2066592, 85, 1851
0.195696, 85, 1852
0.2195885, 85, 1853
0.195696, 85, 1854
0.1917897, 85, 1855
0.2222928, 85, 1856
0.198749, 85, 1857
0.195696, 85, 1858
0.2084289, 85, 1859
0.2053348, 85, 1860
0.195696, 85, 1861
0.2035727, 85, 1862
0.188766, 85, 1863
0.2259142, 85, 1864
0.1870438, 86, 1865
0.196567, 86, 1866
0.188335, 86, 1867
0.1970029, 86, 1868
0.1904923, 86, 1869
0.2236486, 86, 1870
0.2173428, 86, 1871
0.2155511, 86, 1872
0.2231964, 86, 1873
0.1836118, 86, 1874
0.2286422, 86, 1875
0.1900603, 86, 1876
0.2128721, 86, 1877
0.2142104, 86, 1878
0.2124265, 86, 1879
0.2159986, 87, 1880
0.2133179, 87, 1881
0.210647, 87, 1882
0.1970029, 87, 1883
0.2110915, 87, 1884
0.2142104, 87, 1885
0.205776, 87, 1886
0.214657, 87, 1887
0.1961314, 87, 1888
0.2093153, 87, 1889
0.2013761, 87, 1890
0.2009376, 87, 1891
0.2013761, 87, 1892
0.2009376, 87, 1893
0.209759, 88, 1894
0.2075435, 88, 1895
0.198749, 88, 1896
0.2159986, 88, 1897
0.2071012, 88, 1898
0.2155511, 88, 1899
0.2236486, 88, 1900
0.2177914, 88, 1901
0.2075435, 88, 1902
0.2110915, 88, 1903
0.2071012, 88, 1904
0.214657, 88, 1905
0.1943916, 88, 1906
0.2213902, 89, 1907
0.210647, 89, 1908
0.2128721, 89, 1909
0.2182403, 89, 1910
0.2241012, 89, 1911
0.2186894, 89, 1912
0.2708502, 89, 1913
0.2142104, 89, 1914
0.2177914, 89, 1915
0.2128721, 89, 1916
0.2026933, 89, 1917
0.2124265, 89, 1918
0.2071012, 90, 1919
0.2598268, 90, 1920
0.1866139, 90, 1921
0.2924192, 90, 1922
0.1428418, 90, 1923
0.2304667, 90, 1924
0.134797, 90, 1925
0.2336705, 90, 1926
0.2254605, 90, 1927
0.3689893, 90, 1928
0.1823289, 90, 1929
0.2250071, 90, 1930
0.2222928, 91, 1931
0.2155511, 91, 1932
0.2119812, 91, 1933
0.2102029, 91, 1934
0.2084289, 91, 1935
0.2013761, 91, 1936
0.210647, 91, 1937
0.2009376, 91, 1938
0.08719954, 91, 1939
0.2044532, 91, 1940
0.210647, 91, 1941
0.2075435, 91, 1942
0.2048939, 92, 1943
0.2048939, 92, 1944
0.2009376, 92, 1945
0.2013761, 92, 1946
0.2048939, 92, 1947
0.2013761, 92, 1948
0.1991862, 92, 1949
0.2000613, 92, 1950
0.2031329, 92, 1951
0.2433684, 92, 1952
0.2040128, 92, 1953
0.2124265, 93, 1954
0.1991862, 93, 1955
0.2009376, 93, 1956
0.2173428, 93, 1957
0.198312, 93, 1958
0.2213902, 93, 1959
0.2485007, 94, 1960
0.1970029, 94, 1961
0.195696, 95, 1962
0.1891972, 95, 1963
0.180622, 95, 1964
0.3552884, 95, 1965
0.1904923, 95, 1966
0.1917897, 95, 1967
0.1935232, 95, 1968
0.2155511, 95, 1969
0.1939573, 95, 1970
0.1489348, 95, 1971
0.2364281, 95, 1972
0.205776, 96, 1973
0.2124265, 96, 1974
0.2035727, 96, 1975
0.2195885, 96, 1976
0.195696, 96, 1977
0.2088719, 96, 1978
0.2075435, 96, 1979
0.2102029, 96, 1980
0.207986, 96, 1981
0.2124265, 96, 1982
0.213764, 96, 1983
0.2231964, 97, 1984
0.2075435, 97, 1985
0.2066592, 97, 1986
0.2093153, 97, 1987
0.2124265, 97, 1988
0.2026933, 97, 1989
0.2115362, 97, 1990
0.2048939, 97, 1991
0.2713333, 97, 1992
0.2213902, 97, 1993
0.197439, 98, 1994
0.195696, 98, 1995
0.2124265, 98, 1996
0.2142104, 98, 1997
0.1943916, 98, 1998
0.2213902, 98, 1999
0.2000613, 98, 2000
0.2164464, 98, 2001
0.2053348, 98, 2002
0.2075435, 99, 2003
0.1952609, 99, 2004
0.2241012, 99, 2005
0.1866139, 99, 2006
0.2231964, 99, 2007
0.1896286, 99, 2008
0.2304667, 99, 2009
0.195696, 99, 2010
0.2213902, 99, 2011
0.198749, 99, 2012
0.198749, 100, 2013
0.1970029, 100, 2014
0.2124265, 100, 2015
0.2177914, 100, 2016
0.2075435, 100, 2017
0.2066592, 100, 2018
0.205776, 100, 2019
0.2124265, 100, 2020
0.2066592, 100, 2021
0.2084289, 101, 2022
0.2044532, 101, 2023
0.2124265, 101, 2024
0.2795961, 101, 2025
0.2110915, 101, 2026
0.2088719, 101, 2027
0.2119812, 101, 2028
0.2200386, 101, 2029
0.2168945, 102, 2030
0.2173428, 102, 2031
0.2168945, 102, 2032
0.2182403, 102, 2033
0.2164464, 102, 2034
0.2075435, 102, 2035
0.3223912, 102, 2036
0.2018149, 102, 2037
0.2004993, 102, 2038
0.2000613, 102, 2039
0.196567, 102, 2040
0.2241012, 103, 2041
0.3784567, 103, 2042
0.210647, 103, 2043
0.198749, 103, 2044
0.09472848, 103, 2045
0.214657, 103, 2046
0.2133179, 103, 2047
0.2009376, 103, 2048
0.1943916, 103, 2049
0.1952609, 103, 2050
0.198749, 103, 2051
0.213764, 103, 2052
0.2124265, 103, 2053
0.2110915, 103, 2054
0.2195885, 104, 2055
0.2300101, 104, 2056
0.1823289, 104, 2057
0.2218414, 104, 2058
0.1900603, 104, 2059
0.2694027, 104, 2060
0.2173428, 104, 2061
0.2327537, 104, 2062
0.2322957, 104, 2063
0.2222928, 104, 2064
0.2177914, 104, 2065
0.2000613, 104, 2066
0.2110915, 104, 2067
0.2075435, 104, 2068
0.2674774, 105, 2069
0.2066592, 105, 2070
0.2359678, 106, 2071
0.2004993, 106, 2072
0.209759, 106, 2073
0.213764, 106, 2074
0.2009376, 106, 2075
0.209759, 106, 2076
0.2044532, 106, 2077
0.2277318, 106, 2078
0.2182403, 106, 2079
0.2128721, 107, 2080
0.2133179, 107, 2081
0.2159986, 107, 2082
0.195696, 107, 2083
0.198749, 107, 2084
0.2124265, 107, 2085
0.2142104, 107, 2086
0.2373496, 107, 2087
0.2231964, 107, 2088
0.188766, 107, 2089
0.1900603, 107, 2090
0.2286422, 107, 2091
0.1935232, 107, 2092
0.1970029, 107, 2093
0.2031329, 107, 2094
0.2009376, 108, 2095
0.2236486, 108, 2096
0.1961314, 108, 2097
0.2177914, 108, 2098
0.2053348, 108, 2099
0.2128721, 108, 2100
0.2119812, 108, 2101
0.2195885, 108, 2102
0.2128721, 108, 2103
0.2075435, 108, 2104
0.2612551, 108, 2105
0.2009376, 108, 2106
0.2574524, 108, 2107
0.2022539, 108, 2108
0.2031329, 109, 2109
0.214657, 109, 2110
0.210647, 109, 2111
0.2102029, 109, 2112
0.2119812, 109, 2113
0.207986, 109, 2114
0.2894397, 109, 2115
0.1917897, 109, 2116
0.1930895, 109, 2117
0.1952609, 109, 2118
0.2209394, 109, 2119
0.1978754, 109, 2120
0.2213902, 110, 2121
0.196567, 110, 2122
0.205776, 110, 2123
0.196567, 110, 2124
0.2128721, 110, 2125
0.2018149, 110, 2126
0.2452305, 110, 2127
0.1836118, 110, 2128
0.1891972, 110, 2129
0.2241012, 110, 2130
0.4423006, 110, 2131
0.1922227, 110, 2132
0.2155511, 110, 2133
0.1952609, 111, 2134
0.188766, 111, 2135
0.1952609, 111, 2136
0.2191388, 111, 2137
0.2110915, 111, 2138
0.2204889, 111, 2139
0.2071012, 111, 2140
0.2093153, 111, 2141
0.2031329, 111, 2142
0.2102029, 111, 2143
0.2263681, 111, 2144
0.2124265, 111, 2145
0.209759, 112, 2146
0.2560316, 112, 2147
0.2018149, 112, 2148
0.2322957, 112, 2149
0.197439, 112, 2150
0.3075037, 112, 2151
0.1970029, 112, 2152
0.196567, 112, 2153
0.2168945, 112, 2154
0.2142104, 112, 2155
0.1948261, 113, 2156
0.2304667, 113, 2157
0.1930895, 113, 2158
0.2040128, 113, 2159
0.2040128, 113, 2160
0.1970029, 113, 2161
0.2009376, 113, 2162
0.2204889, 113, 2163
0.1961314, 113, 2164
0.2313806, 113, 2165
0.231838, 113, 2166
0.1853258, 114, 2167
0.2304667, 114, 2168
0.1952609, 114, 2169
0.1891972, 114, 2170
0.1456788, 114, 2171
0.2088719, 114, 2172
0.2182403, 114, 2173
0.1948261, 114, 2174
0.196567, 114, 2175
0.2044532, 114, 2176
0.1264452, 115, 2177
0.2071012, 115, 2178
0.2177914, 115, 2179
0.2053348, 115, 2180
0.2040128, 115, 2181
0.198749, 116, 2182
0.2177914, 116, 2183
0.1943916, 116, 2184
0.256505, 117, 2185
0.2213902, 117, 2186
0.2213902, 117, 2187
0.2236486, 117, 2188
0.213764, 117, 2189
0.2173428, 117, 2190
0.1970029, 117, 2191
0.2124265, 117, 2192
0.2159986, 117, 2193
0.2195885, 117, 2194
0.2231964, 117, 2195
0.1853258, 118, 2196
0.2263681, 118, 2197
0.197439, 118, 2198
0.2182403, 118, 2199
0.1363987, 118, 2200
0.2124265, 118, 2201
0.2177914, 118, 2202
0.2168945, 118, 2203
0.2708502, 118, 2204
0.214657, 118, 2205
0.2168945, 119, 2206
0.2155511, 119, 2207
0.2102029, 119, 2208
0.2128721, 119, 2209
0.2009376, 119, 2210
0.205776, 119, 2211
0.2009376, 119, 2212
0.2026933, 119, 2213
0.2128721, 119, 2214
0.2009376, 120, 2215
0.210647, 120, 2216
0.1991862, 120, 2217
0.2177914, 120, 2218
0.198312, 120, 2219
0.231838, 120, 2220
0.196567, 120, 2221
0.1935232, 120, 2222
0.1900603, 120, 2223
0.1909245, 121, 2224
0.2182403, 121, 2225
0.2364281, 121, 2226
0.2213902, 121, 2227
0.2222928, 121, 2228
0.205776, 121, 2229
0.2142104, 121, 2230
0.1922227, 121, 2231
0.2124265, 122, 2232
0.1930895, 122, 2233
0.2026933, 122, 2234
0.1939573, 122, 2235
0.1952609, 122, 2236
0.2013761, 122, 2237
0.1948261, 122, 2238
0.1268407, 122, 2239
0.2119812, 122, 2240
0.195696, 122, 2241
0.2124265, 122, 2242
0.2177914, 122, 2243
0.1879044, 122, 2244
0.2286422, 122, 2245
0.1900603, 123, 2246
0.1853258, 123, 2247
0.1900603, 123, 2248
0.3307383, 123, 2249
0.2254605, 123, 2250
0.2708502, 123, 2251
0.2164464, 123, 2252
0.2009376, 123, 2253
0.2128721, 123, 2254
0.2000613, 123, 2255
0.2195885, 123, 2256
0.2124265, 123, 2257
0.2071012, 123, 2258
0.2071012, 123, 2259
0.2040128, 124, 2260
0.2128721, 124, 2261
0.2084289, 124, 2262
0.2031329, 124, 2263
0.205776, 124, 2264
0.209759, 124, 2265
0.1943916, 124, 2266
0.2075435, 124, 2267
0.1961314, 124, 2268
0.2124265, 124, 2269
0.2009376, 124, 2270
0.2173428, 124, 2271
0.2022539, 124, 2272
0.2133179, 124, 2273
0.2004993, 124, 2274
0.2133179, 125, 2275
0.2164464, 125, 2276
0.2110915, 125, 2277
0.1952609, 125, 2278
0.2300101, 125, 2279
0.1935232, 125, 2280
0.214657, 125, 2281
0.1596194, 125, 2282
0.2035727, 125, 2283
0.2128721, 125, 2284
0.2159986, 125, 2285
0.2277318, 126, 2286
0.1861843, 126, 2287
0.2250071, 126, 2288
0.2213902, 126, 2289
0.2295539, 126, 2290
0.2177914, 126, 2291
0.3585529, 126, 2292
0.205776, 127, 2293
0.205776, 127, 2294
0.1201462, 127, 2295
0.2075435, 127, 2296
0.2128721, 128, 2297
0.2155511, 128, 2298
0.178494, 128, 2299
0.2071012, 128, 2300
0.2022539, 128, 2301
0.210647, 128, 2302
0.2000613, 128, 2303
0.209759, 128, 2304
0.1751023, 128, 2305
0.2124265, 128, 2306
0.2066592, 128, 2307
0.2124265, 128, 2308
0.2004993, 128, 2309
0.2128721, 129, 2310
0.09852258, 129, 2311
0.2035727, 129, 2312
0.2195885, 129, 2313
0.198312, 129, 2314
0.2164464, 129, 2315
0.2236486, 129, 2316
0.2182403, 129, 2317
0.1935232, 129, 2318
0.2218414, 129, 2319
0.1900603, 129, 2320
0.1961314, 129, 2321
0.1943916, 130, 2322
0.2004993, 130, 2323
0.2124265, 130, 2324
0.2115362, 130, 2325
0.1922227, 130, 2326
0.2250071, 130, 2327
0.1801959, 130, 2328
0.08271955, 130, 2329
0.1831839, 130, 2330
0.2227444, 130, 2331
0.1917897, 130, 2332
0.196567, 130, 2333
0.1952609, 131, 2334
0.1909245, 131, 2335
0.2236486, 131, 2336
0.2040128, 131, 2337
0.2155511, 131, 2338
0.2124265, 131, 2339
0.2009376, 131, 2340
0.2173428, 131, 2341
0.2164464, 131, 2342
0.2009376, 131, 2343
0.2044532, 131, 2344
0.2031329, 131, 2345
0.2084289, 132, 2346
0.2088719, 132, 2347
0.2009376, 132, 2348
0.209759, 132, 2349
0.2009376, 132, 2350
0.1065557, 132, 2351
0.1991862, 132, 2352
0.2071012, 132, 2353
0.2013761, 132, 2354
0.2093153, 132, 2355
0.2062175, 133, 2356
0.2168945, 133, 2357
0.2124265, 133, 2358
0.213764, 133, 2359
0.2133179, 133, 2360
0.195696, 133, 2361
0.3983483, 133, 2362
0.2124265, 133, 2363
0.3629288, 133, 2364
0.2290979, 133, 2365
0.1917897, 134, 2366
0.2110915, 134, 2367
0.2177914, 134, 2368
0.2133179, 134, 2369
0.3926088, 134, 2370
0.2164464, 134, 2371
0.1823289, 134, 2372
0.1819018, 134, 2373
0.188766, 134, 2374
0.134397, 134, 2375
0.1692048, 134, 2376
0.2209394, 135, 2377
0.2177914, 135, 2378
0.1836118, 135, 2379
0.1870438, 135, 2380
0.2313806, 135, 2381
0.1608625, 135, 2382
0.195696, 135, 2383
0.188766, 135, 2384
0.2009376, 135, 2385
0.2071012, 136, 2386
0.2128721, 136, 2387
0.2048939, 136, 2388
0.2022539, 136, 2389
0.2048939, 136, 2390
0.2035727, 136, 2391
0.2048939, 136, 2392
0.2040128, 136, 2393
0.2066592, 136, 2394
0.2018149, 137, 2395
0.205776, 137, 2396
0.2000613, 137, 2397
0.3286425, 137, 2398
0.1970029, 137, 2399
0.2159986, 137, 2400
0.2004993, 137, 2401
0.2088719, 137, 2402
0.1943916, 137, 2403
0.2177914, 139, 2404
0.197439, 139, 2405
0.2142104, 139, 2406
0.2805745, 139, 2407
0.2128721, 139, 2408
0.196567, 139, 2409
0.2182403, 139, 2410
0.196567, 140, 2411
0.2300101, 140, 2412
0.195696, 140, 2413
0.2286422, 140, 2414
0.1909245, 140, 2415
0.1879044, 140, 2416
0.1296154, 140, 2417
0.2438335, 140, 2418
0.1424374, 140, 2419
0.2708502, 141, 2420
0.2290979, 141, 2421
0.2268224, 141, 2422
0.2598268, 141, 2423
0.2022539, 141, 2424
0.2124265, 141, 2425
0.2213902, 141, 2426
0.2102029, 141, 2427
0.2124265, 141, 2428
0.1836118, 142, 2429
0.4006569, 142, 2430
0.1848968, 142, 2431
0.1848968, 142, 2432
0.2250071, 142, 2433
0.235048, 142, 2434
0.2231964, 142, 2435
0.2200386, 142, 2436
0.1970029, 142, 2437
0.2231964, 142, 2438
0.1891972, 142, 2439
0.1922227, 142, 2440
0.1978754, 142, 2441
0.1970029, 142, 2442
0.1961314, 142, 2443
0.2031329, 142, 2444
0.2000613, 143, 2445
0.2084289, 143, 2446
0.2093153, 143, 2447
0.2084289, 143, 2448
0.2177914, 143, 2449
0.2124265, 143, 2450
0.205776, 143, 2451
0.2115362, 143, 2452
0.2066592, 143, 2453
0.209759, 143, 2454
0.2004993, 143, 2455
0.2110915, 143, 2456
0.2022539, 143, 2457
0.2009376, 144, 2458
0.2177914, 144, 2459
0.2075435, 144, 2460
0.2093153, 144, 2461
0.2110915, 144, 2462
0.2128721, 144, 2463
0.2031329, 144, 2464
0.1991862, 144, 2465
0.2071012, 144, 2466
0.2195885, 144, 2467
0.1970029, 144, 2468
0.2133179, 144, 2469
0.2022539, 144, 2470
0.198312, 144, 2471
0.2004993, 145, 2472
0.191357, 145, 2473
0.2128721, 145, 2474
0.2231964, 145, 2475
0.2124265, 145, 2476
0.2040128, 145, 2477
0.2088719, 145, 2478
0.2177914, 145, 2479
0.2000613, 145, 2480
0.2204889, 145, 2481
0.1840399, 145, 2482
0.2277318, 145, 2483
0.2236486, 145, 2484
0.2281868, 146, 2485
0.224554, 146, 2486
0.2236486, 146, 2487
0.191357, 146, 2488
0.3756593, 146, 2489
0.1866139, 146, 2490
0.2355077, 146, 2491
0.2313806, 146, 2492
0.2218414, 146, 2493
0.1917897, 146, 2494
0.2018149, 147, 2495
0.2040128, 147, 2496
0.2040128, 147, 2497
0.2124265, 147, 2498
0.196567, 147, 2499
0.214657, 147, 2500
0.2084289, 147, 2501
0.2142104, 147, 2502
0.2133179, 147, 2503
0.2075435, 147, 2504
0.2115362, 147, 2505
0.2159986, 147, 2506
0.2004993, 148, 2507
0.2119812, 148, 2508
0.2110915, 148, 2509
0.2168945, 148, 2510
0.2631639, 148, 2511
0.209759, 148, 2512
0.197439, 148, 2513
0.195696, 148, 2514
0.2254605, 149, 2515
0.2040128, 149, 2516
0.2071012, 150, 2517
0.2341294, 150, 2518
0.2044532, 150, 2519
0.195696, 150, 2520
0.2227444, 150, 2521
0.1943916, 150, 2522
0.2182403, 150, 2523
0.2177914, 150, 2524
0.1935232, 150, 2525
0.2209394, 150, 2526
0.198749, 150, 2527
0.1943916, 151, 2528
0.1961314, 151, 2529
0.2124265, 151, 2530
0.195696, 151, 2531
0.198749, 151, 2532
0.1970029, 151, 2533
0.2035727, 151, 2534
0.2124265, 151, 2535
0.1793445, 151, 2536
0.2168945, 151, 2537
0.2231964, 151, 2538
0.2195885, 151, 2539
0.2195885, 151, 2540
0.1836118, 152, 2541
0.187474, 152, 2542
0.1952609, 152, 2543
0.1836118, 152, 2544
0.2295539, 152, 2545
0.196567, 152, 2546
0.1831839, 152, 2547
0.1891972, 152, 2548
0.1891972, 152, 2549
0.2124265, 152, 2550
0.1943916, 152, 2551
0.2177914, 153, 2552
0.2665166, 153, 2553
0.198749, 153, 2554
0.2168945, 153, 2555
0.2013761, 153, 2556
0.205776, 153, 2557
0.2110915, 153, 2558
0.2124265, 153, 2559
0.2119812, 153, 2560
0.2009376, 153, 2561
0.2066592, 154, 2562
0.2053348, 154, 2563
0.2062175, 154, 2564
0.2168945, 154, 2565
0.3141396, 154, 2566
0.2004993, 154, 2567
0.2071012, 154, 2568
0.1996236, 154, 2569
0.2259142, 154, 2570
0.2009376, 154, 2571
0.2825352, 154, 2572
0.2088719, 155, 2573
0.2115362, 155, 2574
0.2182403, 155, 2575
0.2128721, 155, 2576
0.195696, 155, 2577
0.2204889, 155, 2578
0.2013761, 155, 2579
0.2062175, 155, 2580
0.1952609, 155, 2581
0.2155511, 156, 2582
0.1952609, 156, 2583
0.2071012, 156, 2584
0.1948261, 156, 2585
0.2173428, 156, 2586
0.178494, 156, 2587
0.2236486, 156, 2588
0.1853258, 156, 2589
0.2327537, 156, 2590
0.1900603, 156, 2591
0.2227444, 157, 2592
0.2164464, 157, 2593
0.2186894, 157, 2594
0.231838, 157, 2595
0.188766, 157, 2596
0.2387341, 157, 2597
0.2213902, 157, 2598
0.209759, 157, 2599
0.2142104, 157, 2600
0.2124265, 158, 2601
0.2102029, 158, 2602
0.2084289, 158, 2603
0.2071012, 158, 2604
0.2040128, 158, 2605
0.2359678, 158, 2606
0.2009376, 158, 2607
0.2200386, 158, 2608
0.1119612, 159, 2609
0.2009376, 159, 2610
0.2000613, 159, 2611
0.1209306, 159, 2612
0.2254605, 159, 2613
0.209759, 159, 2614
0.2204889, 159, 2615
0.2124265, 159, 2616
0.2040128, 159, 2617
0.1952609, 160, 2618
0.2164464, 160, 2619
0.2009376, 160, 2620
0.192656, 160, 2621
0.196567, 160, 2622
0.2009376, 160, 2623
0.209759, 160, 2624
0.2088719, 160, 2625
0.2236486, 162, 2626
0.213764, 162, 2627
0.2031329, 162, 2628
0.2102029, 162, 2629
0.1978754, 162, 2630
0.2159986, 162, 2631
0.1917897, 162, 2632
0.1917897, 162, 2633
0.2133179, 162, 2634
0.09662307, 162, 2635
0.2213902, 162, 2636
0.1922227, 162, 2637
0.2182403, 162, 2638
0.2227444, 163, 2639
0.1917897, 163, 2640
0.2177914, 163, 2641
0.2009376, 163, 2642
0.2093153, 163, 2643
0.1801959, 163, 2644
0.188766, 163, 2645
0.180622, 163, 2646
0.2268224, 163, 2647
0.1948261, 163, 2648
0.1853258, 163, 2649
0.2204889, 163, 2650
0.1943916, 163, 2651
0.2209394, 163, 2652
0.1970029, 163, 2653
0.2227444, 164, 2654
0.2177914, 164, 2655
0.213764, 164, 2656
0.2124265, 164, 2657
0.2124265, 164, 2658
0.2110915, 164, 2659
0.213764, 164, 2660
0.2124265, 164, 2661
0.305981, 164, 2662
0.2119812, 164, 2663
0.2110915, 164, 2664
0.2009376, 164, 2665
0.2102029, 164, 2666
0.2075435, 164, 2667
0.2009376, 165, 2668
0.2124265, 165, 2669
0.2022539, 165, 2670
0.1978754, 165, 2671
0.197439, 165, 2672
0.2110915, 165, 2673
0.2000613, 165, 2674
0.178494, 165, 2675
0.198749, 165, 2676
0.2124265, 165, 2677
0.205776, 165, 2678
0.2213902, 165, 2679
0.2155511, 165, 2680
0.1948261, 166, 2681
0.2102029, 166, 2682
0.1952609, 166, 2683
0.1952609, 166, 2684
0.2110915, 166, 2685
0.205776, 166, 2686
0.209759, 166, 2687
0.1891972, 166, 2688
0.2200386, 166, 2689
0.2128721, 166, 2690
0.2124265, 166, 2691
0.2355077, 166, 2692
0.1952609, 167, 2693
0.2286422, 167, 2694
0.2480326, 167, 2695
0.2062175, 167, 2696
0.1879044, 167, 2697
0.2227444, 167, 2698
0.1853258, 167, 2699
0.2200386, 167, 2700
0.2209394, 167, 2701
0.2119812, 167, 2702
0.2031329, 167, 2703
0.2124265, 167, 2704
0.205776, 168, 2705
0.205776, 168, 2706
0.2075435, 168, 2707
0.2066592, 168, 2708
0.2040128, 168, 2709
0.2066592, 168, 2710
0.1734124, 168, 2711
0.1276324, 168, 2712
0.2035727, 168, 2713
0.2110915, 168, 2714
0.2124265, 168, 2715
0.2009376, 168, 2716
0.2075435, 168, 2717
0.2218414, 169, 2718
0.2013761, 169, 2719
0.2115362, 169, 2720
0.2645988, 169, 2721
0.209759, 169, 2722
0.192656, 169, 2723
0.214657, 169, 2724
0.1115738, 169, 2725
0.2155511, 169, 2726
0.2128721, 170, 2727
0.2110915, 170, 2728
0.2009376, 170, 2729
0.1505684, 170, 2730
0.1827563, 170, 2731
0.2250071, 170, 2732
0.2241012, 170, 2733
0.2272769, 170, 2734
0.2268224, 170, 2735
0.2286422, 170, 2736
0.2168945, 172, 2737
0.2128721, 172, 2738
0.2227444, 172, 2739
0.198749, 172, 2740
0.1320022, 172, 2741
0.2084289, 172, 2742
0.2040128, 172, 2743
0.2062175, 172, 2744
0.2250071, 172, 2745
0.2009376, 173, 2746
0.2124265, 173, 2747
0.2124265, 173, 2748
0.2222928, 173, 2749
0.2250071, 173, 2750
0.1991862, 173, 2751
0.2075435, 173, 2752
0.2300101, 173, 2753
0.2290979, 173, 2754
0.2119812, 173, 2755
0.2182403, 173, 2756
0.2009376, 174, 2757
0.198312, 174, 2758
0.1935232, 174, 2759
0.2655571, 174, 2760
0.1943916, 174, 2761
0.2531983, 174, 2762
0.2004993, 174, 2763
0.1935232, 174, 2764
0.195696, 174, 2765
0.1952609, 174, 2766
0.1819018, 174, 2767
0.1789191, 175, 2768
0.1793445, 175, 2769
0.188335, 175, 2770
0.1853258, 175, 2771
0.3328403, 175, 2772
0.1221087, 175, 2773
0.2254605, 175, 2774
0.191357, 175, 2775
0.2213902, 175, 2776
0.198749, 176, 2777
0.2191388, 176, 2778
0.2004993, 176, 2779
0.2115362, 176, 2780
0.2009376, 176, 2781
0.2128721, 176, 2782
0.2035727, 176, 2783
0.2044532, 176, 2784
0.1424374, 176, 2785
0.2133179, 176, 2786
0.209759, 176, 2787
0.2084289, 177, 2788
0.2088719, 177, 2789
0.1312058, 177, 2790
0.2593513, 177, 2791
0.2075435, 177, 2792
0.2168945, 177, 2793
0.2009376, 177, 2794
0.2164464, 177, 2795
0.2124265, 178, 2796
0.2231964, 178, 2797
0.2026933, 178, 2798
0.2213902, 178, 2799
0.195696, 178, 2800
0.210647, 178, 2801
0.2368887, 178, 2802
0.2004993, 178, 2803
0.2771561, 178, 2804
0.2110915, 179, 2805
0.181475, 179, 2806
0.197439, 179, 2807
0.188766, 179, 2808
0.195696, 179, 2809
0.1952609, 179, 2810
0.2213902, 179, 2811
0.198749, 179, 2812
0.2040128, 179, 2813
0.196567, 180, 2814
0.195696, 180, 2815
0.2093153, 180, 2816
0.2048939, 180, 2817
0.209759, 180, 2818
0.2155511, 180, 2819
0.1891972, 180, 2820
0.1853258, 180, 2821
0.2227444, 180, 2822
0.1909245, 181, 2823
0.2186894, 181, 2824
0.135998, 181, 2825
0.4164361, 181, 2826
0.1424374, 181, 2827
0.2355077, 181, 2828
0.2124265, 181, 2829
0.2186894, 181, 2830
0.2142104, 181, 2831
0.210647, 181, 2832
0.2110915, 181, 2833
0.207986, 181, 2834
0.3684362, 181, 2835
0.2066592, 181, 2836
0.207986, 182, 2837
0.2164464, 182, 2838
0.2053348, 182, 2839
0.2004993, 182, 2840
0.2000613, 182, 2841
0.2066592, 182, 2842
0.2040128, 182, 2843
0.2084289, 182, 2844
0.178494, 182, 2845
0.1996236, 182, 2846
0.198749, 182, 2847
0.209759, 184, 2848
0.2142104, 184, 2849
0.214657, 184, 2850
0.2191388, 184, 2851
0.2164464, 184, 2852
0.2173428, 184, 2853
0.2254605, 184, 2854
0.2142104, 184, 2855
0.1978754, 184, 2856
0.205776, 184, 2857
0.1970029, 184, 2858
0.1970029, 184, 2859
0.191357, 184, 2860
0.1683662, 184, 2861
0.2309235, 184, 2862
0.2236486, 185, 2863
0.2231964, 185, 2864
0.2617318, 185, 2865
0.2213902, 185, 2866
0.1935232, 185, 2867
0.09624374, 185, 2868
0.2603026, 185, 2869
0.1870438, 185, 2870
0.2164464, 185, 2871
0.2128721, 185, 2872
0.2115362, 185, 2873
0.2128721, 185, 2874
0.197439, 185, 2875
0.2022539, 185, 2876
0.2075435, 186, 2877
0.2191388, 186, 2878
0.2009376, 186, 2879
0.2026933, 186, 2880
0.2327537, 186, 2881
0.2088719, 186, 2882
0.2066592, 186, 2883
0.209759, 186, 2884
0.210647, 186, 2885
0.2004993, 186, 2886
0.1991862, 186, 2887
0.2004993, 186, 2888
0.2102029, 186, 2889
0.2665166, 187, 2890
0.1683662, 187, 2891
0.2022539, 187, 2892
0.2000613, 187, 2893
0.2031329, 187, 2894
0.2009376, 187, 2895
0.2155511, 187, 2896
0.1935232, 187, 2897
0.2159986, 187, 2898
0.2164464, 187, 2899
0.2124265, 187, 2900
0.2164464, 187, 2901
0.1917897, 188, 2902
0.2159986, 188, 2903
0.1935232, 188, 2904
0.2004993, 188, 2905
0.2164464, 188, 2906
0.2022539, 188, 2907
0.2164464, 188, 2908
0.2009376, 188, 2909
0.1952609, 188, 2910
0.181475, 188, 2911
0.2236486, 188, 2912
0.1827563, 188, 2913
0.235048, 188, 2914
0.188335, 189, 2915
0.187474, 189, 2916
0.1866139, 189, 2917
0.1432464, 189, 2918
0.2259142, 189, 2919
0.2286422, 189, 2920
0.2332119, 189, 2921
0.1900603, 189, 2922
0.1853258, 189, 2923
0.195696, 189, 2924
0.2155511, 189, 2925
0.1996236, 189, 2926
0.2128721, 190, 2927
0.2040128, 190, 2928
0.134397, 190, 2929
0.205776, 190, 2930
0.2124265, 190, 2931
0.2044532, 190, 2932
0.2062175, 190, 2933
0.2022539, 190, 2934
0.210647, 190, 2935
0.2013761, 190, 2936
0.2062175, 190, 2937
0.2084289, 191, 2938
0.205776, 191, 2939
0.2093153, 191, 2940
0.1538465, 191, 2941
0.2142104, 191, 2942
0.2018149, 191, 2943
0.2213902, 191, 2944
0.1996236, 191, 2945
0.195696, 191, 2946
0.2009376, 191, 2947
0.1866139, 192, 2948
0.205776, 192, 2949
0.210647, 192, 2950
0.198749, 192, 2951
0.2391962, 192, 2952
0.1780692, 192, 2953
0.1970029, 192, 2954
0.2128721, 192, 2955
0.2133179, 192, 2956
0.1922227, 192, 2957
0.2177914, 193, 2958
0.1970029, 194, 2959
0.2124265, 194, 2960
0.1943916, 194, 2961
0.1930895, 194, 2962
0.196567, 194, 2963
0.1939573, 194, 2964
0.2155511, 194, 2965
0.1939573, 194, 2966
0.1683662, 195, 2967
0.2040128, 195, 2968
0.2359678, 195, 2969
0.2009376, 195, 2970
0.241975, 195, 2971
0.1767962, 195, 2972
0.2110915, 195, 2973
0.2313806, 195, 2974
0.1772203, 195, 2975
0.2286422, 195, 2976
0.2272769, 196, 2977
0.1836118, 196, 2978
0.210647, 196, 2979
0.1922227, 196, 2980
0.1857549, 196, 2981
0.2218414, 196, 2982
0.2236486, 196, 2983
0.2304667, 196, 2984
0.2168945, 196, 2985
0.1978754, 196, 2986
0.2227444, 197, 2987
0.1879044, 197, 2988
0.1917897, 197, 2989
0.2327537, 197, 2990
0.2177914, 197, 2991
0.1943916, 197, 2992
0.2236486, 197, 2993
0.2013761, 197, 2994
0.209759, 197, 2995
0.2040128, 198, 2996
0.2142104, 198, 2997
0.3695428, 198, 2998
0.2213902, 198, 2999
0.2636419, 198, 3000
0.1900603, 198, 3001
0.2066592, 198, 3002
0.2084289, 198, 3003
0.209759, 198, 3004
0.2018149, 199, 3005
0.2053348, 199, 3006
0.1268407, 199, 3007
0.2022539, 199, 3008
0.205776, 199, 3009
0.2119812, 199, 3010
0.2026933, 199, 3011
0.2102029, 199, 3012
0.2124265, 199, 3013
0.2013761, 200, 3014
0.2044532, 200, 3015
0.3450467, 200, 3016
0.1823289, 200, 3017
0.2195885, 200, 3018
0.2286422, 200, 3019
0.2213902, 200, 3020
0.1943916, 200, 3021
0.2075435, 200, 3022
0.1952609, 200, 3023
0.2009376, 200, 3024
0.1939573, 200, 3025
0.1546684, 201, 3026
0.2000613, 201, 3027
0.2102029, 201, 3028
0.2044532, 201, 3029
0.2124265, 201, 3030
0.210647, 201, 3031
0.2026933, 201, 3032
0.2093153, 201, 3033
0.209759, 201, 3034
0.2115362, 201, 3035
0.213764, 201, 3036
0.2128721, 201, 3037
0.2026933, 201, 3038
0.2000613, 201, 3039
0.2048939, 201, 3040
0.2013761, 202, 3041
0.2084289, 202, 3042
0.198749, 202, 3043
0.198749, 202, 3044
0.196567, 202, 3045
0.2066592, 202, 3046
0.2075435, 202, 3047
0.2035727, 202, 3048
0.2084289, 202, 3049
0.2009376, 202, 3050
0.235048, 202, 3051
0.1961314, 202, 3052
0.1935232, 202, 3053
0.1948261, 202, 3054
0.2159986, 203, 3055
0.1952609, 203, 3056
0.2195885, 203, 3057
0.1996236, 203, 3058
0.195696, 203, 3059
0.2182403, 203, 3060
0.1917897, 203, 3061
0.2164464, 203, 3062
0.1952609, 203, 3063
0.2004993, 203, 3064
0.197439, 203, 3065
0.2031329, 203, 3066
0.2004993, 203, 3067
0.2119812, 204, 3068
0.2071012, 204, 3069
0.1896286, 205, 3070
0.1909245, 205, 3071
0.1891972, 205, 3072
0.2845012, 205, 3073
0.1836118, 205, 3074
0.2281868, 205, 3075
0.1870438, 205, 3076
0.1848968, 205, 3077
0.1904923, 205, 3078
0.1896286, 206, 3079
0.2236486, 206, 3080
0.1844683, 206, 3081
0.2617318, 206, 3082
0.191357, 206, 3083
0.2355077, 206, 3084
0.1870438, 206, 3085
0.191357, 206, 3086
0.1900603, 206, 3087
0.2195885, 206, 3088
0.2031329, 206, 3089
0.2115362, 206, 3090
0.2133179, 206, 3091
0.08719954, 207, 3092
0.2013761, 207, 3093
0.2177914, 207, 3094
0.198312, 207, 3095
0.2093153, 207, 3096
0.2110915, 207, 3097
0.2119812, 207, 3098
0.210647, 207, 3099
0.205776, 207, 3100
0.2110915, 207, 3101
0.2155511, 207, 3102
0.2142104, 207, 3103
0.2236486, 207, 3104
0.2009376, 208, 3105
0.213764, 208, 3106
0.2004993, 208, 3107
0.198749, 208, 3108
0.2062175, 208, 3109
0.2155511, 208, 3110
0.1996236, 208, 3111
0.2115362, 208, 3112
0.2009376, 208, 3113
0.2142104, 208, 3114
0.1996236, 208, 3115
0.2009376, 208, 3116
0.2009376, 208, 3117
0.2133179, 209, 3118
0.2004993, 209, 3119
0.1930895, 209, 3120
0.1734124, 209, 3121
0.2186894, 209, 3122
0.1939573, 209, 3123
0.2040128, 209, 3124
0.2102029, 209, 3125
0.1900603, 209, 3126
0.2227444, 209, 3127
0.224554, 209, 3128
0.2186894, 209, 3129
0.2168945, 210, 3130
0.1935232, 210, 3131
0.2250071, 210, 3132
0.198749, 210, 3133
0.2040128, 210, 3134
0.1948261, 210, 3135
0.2009376, 210, 3136
0.2164464, 210, 3137
0.1840399, 210, 3138
0.1844683, 210, 3139
0.2300101, 210, 3140
0.1900603, 211, 3141
0.2236486, 211, 3142
0.191357, 211, 3143
0.2075435, 211, 3144
0.187474, 211, 3145
0.1917897, 211, 3146
0.2236486, 211, 3147
0.1755254, 211, 3148
0.2268224, 211, 3149
0.2281868, 211, 3150
0.2182403, 212, 3151
0.2168945, 212, 3152
0.2415112, 212, 3153
0.2071012, 212, 3154
0.2009376, 212, 3155
0.1948261, 212, 3156
0.2336705, 212, 3157
0.2031329, 212, 3158
0.2066592, 212, 3159
0.2035727, 212, 3160
0.2040128, 212, 3161
0.2124265, 213, 3162
0.2040128, 213, 3163
0.209759, 213, 3164
0.205776, 213, 3165
0.2075435, 213, 3166
0.2723005, 213, 3167
0.2093153, 213, 3168
0.2071012, 213, 3169
0.2084289, 213, 3170
0.1970029, 214, 3171
0.2110915, 214, 3172
0.2177914, 214, 3173
0.2124265, 214, 3174
0.2128721, 214, 3175
0.2009376, 214, 3176
0.2128721, 214, 3177
0.1935232, 214, 3178
0.1935232, 214, 3179
0.1948261, 215, 3180
0.187474, 216, 3181
0.1943916, 216, 3182
0.2004993, 216, 3183
0.1922227, 216, 3184
0.1917897, 216, 3185
0.214657, 216, 3186
0.2075435, 216, 3187
0.2102029, 217, 3188
0.1836118, 217, 3189
0.2213902, 217, 3190
0.2022539, 217, 3191
0.2093153, 217, 3192
0.2272769, 217, 3193
0.2236486, 217, 3194
0.2236486, 217, 3195
0.2236486, 217, 3196
0.1836118, 217, 3197
0.1896286, 218, 3198
0.1853258, 218, 3199
0.1840399, 218, 3200
0.2213902, 218, 3201
0.2236486, 218, 3202
0.2164464, 218, 3203
0.1891972, 218, 3204
0.2177914, 218, 3205
0.1704645, 218, 3206
0.2168945, 219, 3207
0.2075435, 219, 3208
0.1961314, 219, 3209
0.2128721, 219, 3210
0.2093153, 219, 3211
0.2218414, 219, 3212
0.1844683, 219, 3213
0.2405843, 219, 3214
0.1935232, 219, 3215
0.1917897, 220, 3216
0.1844683, 220, 3217
0.1738345, 220, 3218
0.1848968, 220, 3219
0.1900603, 220, 3220
0.1853258, 220, 3221
0.2213902, 220, 3222
0.2341294, 220, 3223
0.2128721, 220, 3224
0.214657, 220, 3225
0.2093153, 220, 3226
0.213764, 220, 3227
0.213764, 220, 3228
0.2009376, 220, 3229
0.2053348, 220, 3230
0.2159986, 220, 3231
0.2004993, 221, 3232
0.116627, 221, 3233
0.210647, 221, 3234
0.2035727, 221, 3235
0.2071012, 221, 3236
0.2128721, 221, 3237
0.2093153, 221, 3238
0.2048939, 221, 3239
0.2040128, 221, 3240
0.198749, 221, 3241
0.2124265, 221, 3242
0.2009376, 221, 3243
0.2142104, 221, 3244
0.2004993, 221, 3245
0.2182403, 221, 3246
0.2084289, 222, 3247
0.2128721, 222, 3248
0.2124265, 222, 3249
0.198749, 222, 3250
0.195696, 222, 3251
0.1939573, 222, 3252
0.2155511, 222, 3253
0.1751023, 222, 3254
0.1996236, 222, 3255
0.1961314, 222, 3256
0.2124265, 222, 3257
0.1879044, 222, 3258
0.2124265, 222, 3259
0.3723166, 222, 3260
0.1810484, 223, 3261
0.3552884, 223, 3262
0.1853258, 223, 3263
0.2040128, 223, 3264
0.1853258, 223, 3265
0.2263681, 223, 3266
0.195696, 223, 3267
0.2177914, 223, 3268
0.1853258, 223, 3269
0.1772203, 223, 3270
0.2268224, 223, 3271
0.188766, 223, 3272
0.2128721, 224, 3273
0.209759, 224, 3274
0.195696, 224, 3275
0.209759, 224, 3276
0.195696, 224, 3277
0.2102029, 224, 3278
0.205776, 224, 3279
0.2013761, 224, 3280
0.2009376, 224, 3281
0.2022539, 224, 3282
0.198749, 224, 3283
0.1793445, 224, 3284
0.2013761, 225, 3285
0.2088719, 225, 3286
0.1131249, 225, 3287
0.2071012, 225, 3288
0.2124265, 225, 3289
0.2124265, 225, 3290
0.196567, 225, 3291
0.2009376, 226, 3292
0.2396586, 226, 3293
0.198749, 226, 3294
0.1943916, 227, 3295
0.1922227, 227, 3296
0.1939573, 227, 3297
0.1952609, 227, 3298
0.2155511, 227, 3299
0.1505684, 227, 3300
0.2142104, 227, 3301
0.195696, 227, 3302
0.210647, 227, 3303
0.2009376, 227, 3304
0.2177914, 227, 3305
0.2309235, 227, 3306
0.2286422, 228, 3307
0.1836118, 228, 3308
0.2341294, 228, 3309
0.1857549, 228, 3310
0.2290979, 228, 3311
0.2254605, 228, 3312
0.2213902, 228, 3313
0.2236486, 228, 3314
0.2236486, 228, 3315
0.1939573, 228, 3316
0.2155511, 228, 3317
0.1935232, 228, 3318
0.2031329, 228, 3319
0.1970029, 229, 3320
0.2124265, 229, 3321
0.2000613, 229, 3322
0.2093153, 229, 3323
0.2159986, 229, 3324
0.2009376, 229, 3325
0.2018149, 229, 3326
0.2110915, 229, 3327
0.2119812, 229, 3328
0.2093153, 229, 3329
0.197439, 229, 3330
0.2009376, 229, 3331
0.2031329, 230, 3332
0.2044532, 230, 3333
0.256505, 230, 3334
0.2004993, 230, 3335
0.2000613, 230, 3336
0.197439, 230, 3337
0.2119812, 230, 3338
0.1978754, 230, 3339
0.2115362, 230, 3340
0.2177914, 230, 3341
0.2186894, 231, 3342
0.2124265, 231, 3343
0.2044532, 231, 3344
0.2124265, 231, 3345
0.1952609, 231, 3346
0.214657, 231, 3347
0.2124265, 231, 3348
0.2102029, 231, 3349
0.210647, 231, 3350
0.1943916, 231, 3351
0.2195885, 232, 3352
0.2290979, 232, 3353
0.1952609, 232, 3354
0.2281868, 232, 3355
0.1861843, 232, 3356
0.2272769, 232, 3357
0.2213902, 232, 3358
0.231838, 232, 3359
0.2177914, 232, 3360
0.1922227, 232, 3361
0.1952609, 233, 3362
0.1308079, 233, 3363
0.1970029, 233, 3364
0.2009376, 233, 3365
0.2004993, 233, 3366
0.205776, 233, 3367
0.2084289, 233, 3368
0.2009376, 233, 3369
0.2044532, 233, 3370
0.2075435, 234, 3371
0.2040128, 234, 3372
0.2013761, 234, 3373
0.2075435, 234, 3374
0.2128721, 234, 3375
0.2119812, 234, 3376
0.2084289, 234, 3377
0.2093153, 234, 3378
0.2110915, 234, 3379
0.2124265, 235, 3380
0.2000613, 235, 3381
0.215104, 235, 3382
0.1939573, 235, 3383
0.1952609, 235, 3384
0.1917897, 235, 3385
0.2009376, 235, 3386
0.2040128, 235, 3387
0.198312, 235, 3388
0.2044532, 236, 3389
0.1780692, 236, 3390
0.1789191, 236, 3391
0.1096397, 236, 3392
0.1900603, 236, 3393
0.1900603, 236, 3394
0.1900603, 236, 3395
0.1935232, 236, 3396
0.1844683, 236, 3397
0.1844683, 237, 3398
0.2209394, 237, 3399
0.1952609, 237, 3400
0.195696, 237, 3401
0.1970029, 237, 3402
0.2133179, 238, 3403
0.2004993, 238, 3404
0.209759, 239, 3405
0.2026933, 239, 3406
0.2133179, 239, 3407
0.2286422, 239, 3408
0.1904923, 239, 3409
0.2168945, 239, 3410
0.1909245, 239, 3411
0.2164464, 239, 3412
0.2128721, 239, 3413
0.2040128, 239, 3414
0.2062175, 239, 3415
0.210647, 240, 3416
0.205776, 240, 3417
0.2110915, 240, 3418
0.2110915, 240, 3419
0.209759, 240, 3420
0.2026933, 240, 3421
0.2093153, 240, 3422
0.2040128, 240, 3423
0.2110915, 240, 3424
0.2075435, 240, 3425
0.2075435, 240, 3426
0.2084289, 240, 3427
0.2093153, 240, 3428
0.197439, 240, 3429
0.147305, 241, 3430
0.2075435, 241, 3431
0.2040128, 241, 3432
0.2204889, 241, 3433
0.205776, 241, 3434
0.2155511, 241, 3435
0.1970029, 241, 3436
0.1930895, 241, 3437
0.1840399, 241, 3438
0.2035727, 241, 3439
0.2004993, 241, 3440
0.2124265, 241, 3441
0.195696, 241, 3442
0.209759, 241, 3443
0.1797701, 241, 3444
0.1819018, 242, 3445
0.187474, 242, 3446
0.1844683, 242, 3447
0.1943916, 242, 3448
0.2304667, 242, 3449
0.1633551, 242, 3450
0.2304667, 242, 3451
0.2313806, 242, 3452
0.1939573, 242, 3453
0.2009376, 242, 3454
0.1930895, 242, 3455
0.1970029, 242, 3456
0.2373496, 242, 3457
0.3678836, 242, 3458
0.2075435, 243, 3459
0.2110915, 243, 3460
0.1891972, 243, 3461
0.2044532, 243, 3462
0.2040128, 243, 3463
0.2124265, 243, 3464
0.2071012, 243, 3465
0.2062175, 243, 3466
0.209759, 243, 3467
0.2013761, 243, 3468
0.1978754, 244, 3469
0.213764, 244, 3470
0.2004993, 244, 3471
0.2004993, 244, 3472
0.2133179, 244, 3473
0.2236486, 244, 3474
0.2213902, 244, 3475
0.2155511, 244, 3476
0.2115362, 244, 3477
0.1970029, 244, 3478
0.2164464, 244, 3479
0.1952609, 244, 3480
0.1970029, 245, 3481
0.213764, 245, 3482
0.1952609, 245, 3483
0.2415112, 245, 3484
0.2004993, 245, 3485
0.2018149, 245, 3486
0.1853258, 245, 3487
0.07420989, 245, 3488
0.1930895, 245, 3489
0.2236486, 245, 3490
0.2236486, 245, 3491
0.2231964, 245, 3492
0.2300101, 245, 3493
0.2124265, 246, 3494
0.2000613, 246, 3495
0.2124265, 246, 3496
0.215104, 246, 3497
0.196567, 246, 3498
0.198749, 246, 3499
0.214657, 246, 3500
0.1922227, 246, 3501
0.2044532, 246, 3502
0.2026933, 246, 3503
0.2084289, 247, 3504
0.1721475, 247, 3505
0.2124265, 247, 3506
0.2964111, 247, 3507
0.2013761, 247, 3508
0.205776, 247, 3509
0.2124265, 247, 3510
0.2004993, 247, 3511
0.2168945, 247, 3512
0.2026933, 247, 3513
0.2227444, 249, 3514
0.3542034, 249, 3515
0.2071012, 249, 3516
0.1970029, 249, 3517
0.1900603, 249, 3518
0.213764, 249, 3519
0.2000613, 249, 3520
0.1970029, 249, 3521
0.2133179, 249, 3522
0.210647, 249, 3523
0.2236486, 249, 3524
0.2186894, 250, 3525
0.2359678, 250, 3526
0.1819018, 250, 3527
0.235048, 250, 3528
0.1870438, 250, 3529
0.138406, 250, 3530
0.2168945, 250, 3531
0.214657, 250, 3532
0.2327537, 250, 3533
0.1650216, 250, 3534
0.1853258, 250, 3535
0.2128721, 251, 3536
0.2009376, 251, 3537
0.197439, 251, 3538
0.2475648, 251, 3539
0.2009376, 251, 3540
0.1970029, 251, 3541
0.1991862, 251, 3542
0.2026933, 251, 3543
0.2522564, 251, 3544
0.2066592, 251, 3545
0.209759, 251, 3546
0.2084289, 252, 3547
0.2155511, 252, 3548
0.135998, 252, 3549
0.1970029, 252, 3550
0.2124265, 252, 3551
0.178494, 252, 3552
0.2044532, 252, 3553
0.2964111, 252, 3554
0.2071012, 252, 3555
0.1836118, 252, 3556
0.2128721, 253, 3557
0.2133179, 253, 3558
0.2182403, 253, 3559
0.196567, 253, 3560
0.214657, 253, 3561
0.2655571, 253, 3562
0.2173428, 253, 3563
0.2124265, 253, 3564
0.2128721, 253, 3565
0.1952609, 253, 3566
0.210647, 254, 3567
0.1970029, 254, 3568
0.1853258, 254, 3569
0.2304667, 254, 3570
0.1840399, 254, 3571
0.2290979, 254, 3572
0.1930895, 254, 3573
0.2236486, 254, 3574
0.1952609, 254, 3575
0.1939573, 255, 3576
0.07568265, 255, 3577
0.1848968, 255, 3578
0.2177914, 255, 3579
0.2040128, 255, 3580
0.198749, 255, 3581
0.196567, 255, 3582
0.196567, 255, 3583
0.1952609, 255, 3584
0.1996236, 256, 3585
0.209759, 256, 3586
0.2088719, 256, 3587
0.2026933, 256, 3588
0.2254605, 256, 3589
0.235048, 256, 3590
0.2013761, 256, 3591
0.08271955, 256, 3592
0.2102029, 257, 3593
0.209759, 257, 3594
0.2110915, 257, 3595
0.2115362, 257, 3596
0.2182403, 257, 3597
0.2053348, 257, 3598
0.07568265, 257, 3599
0.1978754, 257, 3600
0.1554912, 257, 3601
0.2213902, 258, 3602
0.3360048, 258, 3603
0.2470974, 258, 3604
0.2022539, 258, 3605
0.2000613, 258, 3606
0.09246158, 258, 3607
0.2040128, 258, 3608
0.2071012, 258, 3609
0.2075435, 258, 3610
0.2009376, 258, 3611
0.2066592, 258, 3612
0.2009376, 259, 3613
0.2213902, 259, 3614
0.205776, 259, 3615
0.1978754, 259, 3616
0.1687854, 259, 3617
0.1922227, 259, 3618
0.2133179, 259, 3619
0.2177914, 259, 3620
0.2128721, 259, 3621
0.2124265, 259, 3622
0.2013761, 259, 3623
0.2124265, 259, 3624
0.2168945, 261, 3625
0.1952609, 261, 3626
0.2124265, 261, 3627
0.2313806, 261, 3628
0.2470974, 261, 3629
0.1810484, 261, 3630
0.1853258, 261, 3631
0.2227444, 261, 3632
0.224554, 261, 3633
0.213764, 261, 3634
0.2209394, 261, 3635
0.188766, 261, 3636
0.187474, 261, 3637
0.187474, 261, 3638
0.2227444, 262, 3639
0.1904923, 262, 3640
0.2177914, 262, 3641
0.2040128, 262, 3642
0.195696, 262, 3643
0.196567, 262, 3644
0.1256548, 262, 3645
0.198749, 262, 3646
0.2075435, 262, 3647
0.2110915, 262, 3648
0.2071012, 262, 3649
0.2066592, 262, 3650
0.2009376, 262, 3651
0.2009376, 262, 3652
0.2009376, 263, 3653
0.2009376, 263, 3654
0.2213902, 263, 3655
0.2124265, 263, 3656
0.197439, 263, 3657
0.2102029, 263, 3658
0.2075435, 263, 3659
0.2177914, 263, 3660
0.196567, 263, 3661
0.2035727, 263, 3662
0.196567, 263, 3663
0.2200386, 263, 3664
0.2004993, 263, 3665
0.2124265, 264, 3666
0.1861843, 264, 3667
0.2040128, 264, 3668
0.1930895, 264, 3669
0.2159986, 264, 3670
0.2013761, 264, 3671
0.2115362, 264, 3672
0.1970029, 264, 3673
0.2569785, 264, 3674
0.2000613, 264, 3675
0.209759, 264, 3676
0.1917897, 264, 3677
0.2295539, 265, 3678
0.1896286, 265, 3679
0.1943916, 265, 3680
0.2626862, 265, 3681
0.1904923, 265, 3682
0.2359678, 265, 3683
0.2236486, 265, 3684
0.2461633, 265, 3685
0.1900603, 265, 3686
0.2168945, 265, 3687
0.198312, 265, 3688
0.2124265, 265, 3689
0.213764, 265, 3690
0.2009376, 266, 3691
0.2075435, 266, 3692
0.2295539, 266, 3693
0.2128721, 266, 3694
0.2013761, 266, 3695
0.2084289, 266, 3696
0.2093153, 266, 3697
0.1448671, 266, 3698
0.2004993, 266, 3699
0.2062175, 266, 3700
0.205776, 267, 3701
0.2075435, 267, 3702
0.198749, 267, 3703
0.2213902, 267, 3704
0.1096397, 267, 3705
0.2124265, 267, 3706
0.1991862, 267, 3707
0.2004993, 267, 3708
0.2128721, 267, 3709
0.2227444, 267, 3710
0.2155511, 267, 3711
0.2124265, 268, 3712
0.2075435, 268, 3713
0.2268224, 268, 3714
0.2159986, 268, 3715
0.2004993, 268, 3716
0.2241012, 268, 3717
0.2022539, 268, 3718
0.3596444, 268, 3719
0.1996236, 268, 3720
0.1952609, 268, 3721
0.214657, 268, 3722
0.188766, 269, 3723
0.1789191, 269, 3724
0.1819018, 269, 3725
0.1853258, 269, 3726
0.1879044, 269, 3727
0.1900603, 269, 3728
0.1452728, 269, 3729
0.198749, 269, 3730
0.2259142, 269, 3731
0.2272769, 269, 3732
0.195696, 270, 3733
0.2536698, 270, 3734
0.209759, 270, 3735
0.2263681, 271, 3736
0.2115362, 271, 3737
0.2031329, 271, 3738
0.207986, 271, 3739
0.2075435, 271, 3740
0.2013761, 271, 3741
0.2066592, 272, 3742
0.1978754, 272, 3743
0.1970029, 272, 3744
0.2004993, 272, 3745
0.1970029, 272, 3746
0.147305, 272, 3747
0.2088719, 272, 3748
0.2088719, 272, 3749
0.2013761, 272, 3750
0.196567, 272, 3751
0.2026933, 273, 3752
0.2128721, 273, 3753
0.2026933, 273, 3754
0.215104, 273, 3755
0.2013761, 273, 3756
0.1935232, 273, 3757
0.1935232, 273, 3758
0.214657, 273, 3759
0.2195885, 273, 3760
0.2177914, 273, 3761
0.2191388, 274, 3762
0.2124265, 274, 3763
0.1900603, 274, 3764
0.2213902, 274, 3765
0.1844683, 274, 3766
0.2200386, 274, 3767
0.2355077, 274, 3768
0.1840399, 274, 3769
0.3756593, 274, 3770
0.1896286, 274, 3771
0.2689209, 275, 3772
0.2254605, 275, 3773
0.1943916, 275, 3774
0.2119812, 275, 3775
0.1970029, 275, 3776
0.2655571, 275, 3777
0.2053348, 275, 3778
0.2022539, 275, 3779
0.2124265, 275, 3780
0.2022539, 275, 3781
0.2071012, 276, 3782
0.207986, 276, 3783
0.2102029, 276, 3784
0.2009376, 276, 3785
0.197439, 276, 3786
0.2000613, 276, 3787
0.210647, 276, 3788
0.2110915, 276, 3789
0.2088719, 276, 3790
0.2093153, 277, 3791
0.214657, 277, 3792
0.2173428, 277, 3793
0.195696, 277, 3794
0.1935232, 277, 3795
0.1952609, 277, 3796
0.1952609, 277, 3797
0.1917897, 277, 3798
0.08907444, 278, 3799
0.209759, 278, 3800
0.2040128, 278, 3801
0.2359678, 278, 3802
0.2128721, 278, 3803
0.2018149, 278, 3804
0.3328403, 278, 3805
0.2718167, 278, 3806
0.1991862, 278, 3807
0.2035727, 278, 3808
0.2031329, 278, 3809
0.2013761, 278, 3810
0.1930895, 279, 3811
0.1952609, 279, 3812
0.2309235, 279, 3813
0.2177914, 279, 3814
0.2124265, 279, 3815
0.2195885, 279, 3816
0.2004993, 279, 3817
0.2177914, 279, 3818
0.2281868, 279, 3819
0.2110915, 279, 3820
0.2186894, 279, 3821
0.2236486, 279, 3822
0.195696, 279, 3823
0.1870438, 279, 3824
0.188766, 279, 3825
0.1935232, 280, 3826
0.1891972, 280, 3827
0.2004993, 280, 3828
0.134797, 280, 3829
0.188335, 280, 3830
0.1861843, 280, 3831
0.1952609, 280, 3832
0.2290979, 280, 3833
0.2164464, 280, 3834
0.2177914, 280, 3835
0.2110915, 280, 3836
0.2026933, 280, 3837
0.2009376, 280, 3838
0.2004993, 281, 3839
0.2102029, 281, 3840
0.2031329, 281, 3841
0.2040128, 281, 3842
0.2124265, 281, 3843
0.2133179, 281, 3844
0.2053348, 281, 3845
0.2124265, 281, 3846
0.2164464, 282, 3847
0.2102029, 282, 3848
0.2124265, 283, 3849
0.2000613, 283, 3850
0.2119812, 283, 3851
0.2142104, 283, 3852
0.2182403, 283, 3853
0.2236486, 283, 3854
0.2213902, 283, 3855
0.1970029, 283, 3856
0.1996236, 283, 3857
0.1930895, 283, 3858
0.1991862, 283, 3859
0.197439, 283, 3860
0.2062175, 283, 3861
0.1367997, 283, 3862
0.2013761, 284, 3863
0.2164464, 284, 3864
0.2191388, 284, 3865
0.235048, 284, 3866
0.1827563, 284, 3867
0.2313806, 284, 3868
0.1840399, 284, 3869
0.2231964, 284, 3870
0.2200386, 284, 3871
0.2236486, 284, 3872
0.2268224, 284, 3873
0.1857549, 284, 3874
0.224554, 284, 3875
0.1320022, 285, 3876
0.205776, 285, 3877
0.2128721, 285, 3878
0.1970029, 285, 3879
0.2088719, 285, 3880
0.198749, 285, 3881
0.205776, 285, 3882
0.2075435, 285, 3883
0.08719954, 285, 3884
0.2088719, 285, 3885
0.2110915, 285, 3886
0.2009376, 285, 3887
0.2110915, 286, 3888
0.2084289, 286, 3889
0.2013761, 286, 3890
0.2300101, 286, 3891
0.2022539, 286, 3892
0.2155511, 286, 3893
0.2164464, 286, 3894
0.2004993, 286, 3895
0.2102029, 286, 3896
0.1952609, 286, 3897
0.2168945, 286, 3898
0.2124265, 286, 3899
0.2899355, 286, 3900
0.2128721, 287, 3901
0.1922227, 287, 3902
0.2177914, 287, 3903
0.195696, 287, 3904
0.2088719, 287, 3905
0.2071012, 287, 3906
0.210647, 287, 3907
0.2119812, 287, 3908
0.2110915, 287, 3909
0.2359678, 287, 3910
0.1879044, 287, 3911
0.1797701, 288, 3912
0.2250071, 288, 3913
0.2286422, 288, 3914
0.2655571, 288, 3915
0.1930895, 288, 3916
0.2241012, 288, 3917
0.2155511, 288, 3918
0.2128721, 288, 3919
0.2840092, 288, 3920
0.207986, 288, 3921
0.2009376, 288, 3922
0.2168945, 289, 3923
0.2128721, 289, 3924
0.2124265, 289, 3925
0.2044532, 289, 3926
0.2110915, 289, 3927
0.2066592, 289, 3928
0.2009376, 289, 3929
0.2200386, 289, 3930
0.2066592, 289, 3931
0.2155511, 289, 3932
0.2075435, 290, 3933
0.198749, 290, 3934
0.3585529, 290, 3935
0.1996236, 290, 3936
0.09966475, 290, 3937
0.1952609, 290, 3938
0.213764, 290, 3939
0.195696, 290, 3940
0.198749, 290, 3941
0.2164464, 290, 3942
0.2004993, 291, 3943
0.2119812, 291, 3944
0.1978754, 291, 3945
0.215104, 291, 3946
0.198749, 291, 3947
0.2364281, 291, 3948
0.1823289, 291, 3949
0.2236486, 291, 3950
0.1896286, 292, 3951
0.2204889, 292, 3952
0.1961314, 292, 3953
0.1900603, 292, 3954
0.1861843, 292, 3955
0.2031329, 292, 3956
0.2195885, 292, 3957
0.1943916, 293, 3958
0.2128721, 294, 3959
0.2031329, 294, 3960
0.2044532, 294, 3961
0.205776, 294, 3962
0.2009376, 294, 3963
0.2035727, 294, 3964
0.2124265, 294, 3965
0.2191388, 294, 3966
0.2013761, 294, 3967
0.198749, 294, 3968
0.2102029, 295, 3969
0.196567, 295, 3970
0.209759, 295, 3971
0.191357, 295, 3972
0.1970029, 295, 3973
0.1952609, 295, 3974
0.2177914, 295, 3975
0.2694027, 295, 3976
0.2177914, 295, 3977
0.09057787, 296, 3978
0.2102029, 296, 3979
0.2884493, 296, 3980
0.2124265, 296, 3981
0.2182403, 296, 3982
0.2177914, 296, 3983
0.41999, 296, 3984
0.2250071, 296, 3985
0.1861843, 296, 3986
0.2268224, 296, 3987
0.2084289, 297, 3988
0.2159986, 297, 3989
0.1970029, 297, 3990
0.1939573, 297, 3991
0.1935232, 297, 3992
0.198749, 297, 3993
0.214657, 297, 3994
0.2177914, 297, 3995
0.1848968, 298, 3996
0.1823289, 298, 3997
0.2655571, 298, 3998
0.2268224, 298, 3999
0.1428418, 298, 4000
0.2327537, 298, 4001
0.2250071, 298, 4002
0.2236486, 298, 4003
0.2222928, 298, 4004
0.1836118, 298, 4005
0.224554, 298, 4006
0.1922227, 298, 4007
0.2035727, 298, 4008
0.2000613, 298, 4009
0.1978754, 298, 4010
0.209759, 299, 4011
0.2626862, 299, 4012
0.209759, 299, 4013
0.2110915, 299, 4014
0.2048939, 299, 4015
0.2071012, 299, 4016
0.2048939, 299, 4017
0.2004993, 299, 4018
0.2004993, 299, 4019
0.2133179, 299, 4020
0.1961314, 299, 4021
0.2173428, 299, 4022
0.197439, 299, 4023
0.2177914, 299, 4024
0.210647, 300, 4025
0.2182403, 300, 4026
0.2110915, 300, 4027
0.2231964, 300, 4028
0.198749, 300, 4029
0.2645988, 300, 4030
0.2013761, 300, 4031
0.2845012, 300, 4032
0.2004993, 300, 4033
0.1900603, 300, 4034
0.1900603, 300, 4035
0.2026933, 300, 4036
0.2075435, 300, 4037
0.146085, 300, 4038
0.2124265, 300, 4039
0.214657, 301, 4040
0.181475, 301, 4041
0.1848968, 301, 4042
0.1853258, 301, 4043
0.2268224, 301, 4044
0.2000613, 301, 4045
0.2231964, 301, 4046
0.2186894, 301, 4047
0.1896286, 301, 4048
0.195696, 301, 4049
0.2286422, 301, 4050
0.1952609, 301, 4051
0.2110915, 302, 4052
0.2313806, 302, 4053
0.2173428, 302, 4054
0.209759, 302, 4055
0.2110915, 302, 4056
0.2035727, 302, 4057
0.2102029, 302, 4058
0.2128721, 302, 4059
0.205776, 302, 4060
0.1759488, 302, 4061
0.198749, 302, 4062
0.2022539, 302, 4063
0.1065557, 303, 4064
0.2088719, 303, 4065
0.214657, 303, 4066
0.1970029, 303, 4067
0.104635, 303, 4068
0.2177914, 304, 4069
0.2378109, 304, 4070
0.196567, 304, 4071
0.1943916, 304, 4072
0.2013761, 304, 4073
0.195696, 305, 4074
0.2071012, 305, 4075
0.2013761, 305, 4076
0.2236486, 305, 4077
0.1823289, 305, 4078
0.2268224, 305, 4079
0.2332119, 305, 4080
0.2231964, 305, 4081
0.2227444, 305, 4082
0.1943916, 305, 4083
0.2300101, 305, 4084
0.1900603, 305, 4085
0.1819018, 305, 4086
0.1853258, 306, 4087
0.2040128, 306, 4088
0.2022539, 306, 4089
0.2128721, 306, 4090
0.1608625, 306, 4091
0.1991862, 306, 4092
0.2142104, 306, 4093
0.1900603, 306, 4094
0.2304667, 306, 4095
0.209759, 306, 4096
0.2066592, 306, 4097
0.2048939, 306, 4098
0.2155511, 307, 4099
0.2071012, 307, 4100
0.205776, 307, 4101
0.2191388, 307, 4102
0.209759, 307, 4103
0.2177914, 307, 4104
0.2124265, 307, 4105
0.2071012, 307, 4106
0.198749, 307, 4107
0.198749, 307, 4108
0.2200386, 307, 4109
0.2133179, 307, 4110
0.2304667, 308, 4111
0.215104, 308, 4112
0.2191388, 308, 4113
0.2177914, 308, 4114
0.2168945, 308, 4115
0.2164464, 308, 4116
0.235048, 308, 4117
0.2009376, 308, 4118
0.2035727, 308, 4119
0.2177914, 308, 4120
0.1896286, 308, 4121
0.2241012, 309, 4122
0.2322957, 309, 4123
0.2236486, 309, 4124
0.2213902, 309, 4125
0.1879044, 309, 4126
0.2142104, 309, 4127
0.2213902, 309, 4128
0.2191388, 309, 4129
0.1900603, 309, 4130
0.2236486, 309, 4131
0.2000613, 309, 4132
0.1952609, 310, 4133
0.2009376, 310, 4134
0.195696, 310, 4135
0.1978754, 310, 4136
0.2062175, 310, 4137
0.2124265, 310, 4138
0.2044532, 310, 4139
0.2084289, 310, 4140
0.2115362, 310, 4141
0.3064882, 310, 4142
0.2102029, 311, 4143
0.2075435, 311, 4144
0.2009376, 311, 4145
0.2119812, 311, 4146
0.1538465, 311, 4147
0.2128721, 311, 4148
0.2177914, 311, 4149
0.2093153, 311, 4150
0.2304667, 311, 4151
0.2191388, 311, 4152
0.2218414, 312, 4153
0.2177914, 312, 4154
0.1930895, 312, 4155
0.2044532, 312, 4156
0.195696, 312, 4157
0.197439, 312, 4158
0.2013761, 312, 4159
0.213764, 312, 4160
0.2004993, 313, 4161
0.1725689, 313, 4162
0.1978754, 313, 4163
0.1909245, 313, 4164
0.224554, 313, 4165
0.1848968, 313, 4166
0.2195885, 313, 4167
0.1935232, 313, 4168
0.2830261, 313, 4169
0.195696, 314, 4170
0.07937772, 314, 4171
0.1870438, 314, 4172
0.1866139, 314, 4173
0.2124265, 314, 4174
0.2000613, 314, 4175
0.2009376, 314, 4176
0.2124265, 314, 4177
0.1970029, 314, 4178
0.1970029, 315, 4179
0.2093153, 316, 4180
0.2009376, 316, 4181
0.2044532, 316, 4182
0.2071012, 316, 4183
0.2128721, 316, 4184
0.2009376, 316, 4185
0.2004993, 317, 4186
0.2040128, 317, 4187
0.1978754, 317, 4188
0.2040128, 317, 4189
0.198749, 317, 4190
0.1952609, 317, 4191
0.2110915, 317, 4192
0.2048939, 317, 4193
0.2124265, 317, 4194
0.2004993, 317, 4195
0.2164464, 318, 4196
0.2004993, 318, 4197
0.205776, 318, 4198
0.2093153, 318, 4199
0.2522564, 318, 4200
0.2115362, 318, 4201
0.2013761, 318, 4202
0.116627, 318, 4203
0.2177914, 318, 4204
0.1408222, 318, 4205
0.2009376, 318, 4206
0.2084289, 318, 4207
0.2018149, 318, 4208
0.196567, 318, 4209
0.1952609, 318, 4210
0.1534359, 319, 4211
0.1952609, 319, 4212
0.2177914, 319, 4213
0.2213902, 319, 4214
0.2168945, 319, 4215
0.198749, 319, 4216
0.2128721, 319, 4217
0.2004993, 319, 4218
0.2115362, 319, 4219
0.2128721, 319, 4220
0.2227444, 319, 4221
0.2277318, 319, 4222
0.2195885, 319, 4223
0.1751023, 319, 4224
0.2300101, 319, 4225
0.1646046, 320, 4226
0.1848968, 320, 4227
0.1917897, 320, 4228
0.191357, 320, 4229
0.1861843, 320, 4230
0.2218414, 320, 4231
0.2191388, 320, 4232
0.2110915, 320, 4233
0.2004993, 320, 4234
0.1930895, 320, 4235
0.2000613, 320, 4236
0.2044532, 320, 4237
0.2075435, 320, 4238
0.2128721, 320, 4239
0.2048939, 321, 4240
0.2124265, 321, 4241
0.180622, 321, 4242
0.2053348, 321, 4243
0.2044532, 321, 4244
0.2142104, 321, 4245
0.2304667, 321, 4246
0.2110915, 321, 4247
0.2593513, 321, 4248
0.2066592, 321, 4249
0.2102029, 321, 4250
0.2159986, 321, 4251
0.2182403, 322, 4252
0.2071012, 322, 4253
0.2989172, 322, 4254
0.1935232, 322, 4255
0.2919218, 322, 4256
0.2004993, 322, 4257
0.1970029, 322, 4258
0.2173428, 322, 4259
0.1000458, 322, 4260
0.3213546, 322, 4261
0.2209394, 322, 4262
0.195696, 322, 4263
0.210647, 323, 4264
0.1948261, 323, 4265
0.210647, 323, 4266
0.2018149, 323, 4267
0.187474, 323, 4268
0.1789191, 323, 4269
0.1801959, 323, 4270
0.188766, 323, 4271
0.2309235, 323, 4272
0.1861843, 323, 4273
0.2155511, 323, 4274
0.2186894, 323, 4275
0.1866139, 323, 4276
0.2177914, 324, 4277
0.2048939, 324, 4278
0.205776, 324, 4279
0.1970029, 324, 4280
0.2071012, 324, 4281
0.2084289, 324, 4282
0.214657, 324, 4283
0.2075435, 324, 4284
0.2009376, 324, 4285
0.209759, 324, 4286
0.2040128, 324, 4287
0.2026933, 324, 4288
0.3846495, 325, 4289
0.2044532, 325, 4290
0.1935232, 326, 4291
0.2177914, 326, 4292
0.1853258, 326, 4293
0.2191388, 326, 4294
0.197439, 326, 4295
0.2004993, 326, 4296
0.2820445, 326, 4297
0.1952609, 326, 4298
0.2241012, 327, 4299
0.2617318, 327, 4300
0.1961314, 327, 4301
0.1943916, 327, 4302
0.2009376, 327, 4303
0.2004993, 327, 4304
0.2004993, 327, 4305
0.1922227, 327, 4306
0.1935232, 327, 4307
0.2485007, 327, 4308
0.2119812, 327, 4309
0.2128721, 328, 4310
0.2119812, 328, 4311
0.2250071, 328, 4312
0.1797701, 328, 4313
0.2295539, 328, 4314
0.1952609, 328, 4315
0.2231964, 328, 4316
0.2218414, 328, 4317
0.2009376, 328, 4318
0.375101, 328, 4319
0.2322957, 328, 4320
0.1930895, 328, 4321
0.1952609, 329, 4322
0.2004993, 329, 4323
0.198749, 329, 4324
0.197439, 329, 4325
0.2173428, 329, 4326
0.1823289, 329, 4327
0.2031329, 329, 4328
0.2022539, 329, 4329
0.2115362, 329, 4330
0.2013761, 329, 4331
0.2009376, 330, 4332
0.2040128, 330, 4333
0.2018149, 330, 4334
0.2022539, 330, 4335
0.2004993, 330, 4336
0.1996236, 330, 4337
0.1970029, 330, 4338
0.1961314, 330, 4339
0.2071012, 330, 4340
0.1717264, 330, 4341
0.2000613, 331, 4342
