0.2475648, 0, 1000
0.2343367, 30, 1001
0.2343498, 60, 1002
0.2344269, 90, 1003
0.2342643, 120, 1004
0.2344018, 150, 1005
0.2339219, 180, 1006
0.2342222, 210, 1007
0.234585, 240, 1008
0.234254, 270, 1009
0.2345533, 300, 1010
0.2345926, 330, 1011
0.2340242, 360, 1012
0.2342205, 390, 1013
0.2339991, 420, 1014
0.2334954, 450, 1015
0.2335831, 480, 1016
0.2334369, 510, 1017
0.2341143, 540, 1018
0.2338455, 570, 1019
0.2336965, 600, 1020
0.2333257, 630, 1021
0.2335457, 660, 1022
0.2334124, 690, 1023
0.2333411, 720, 1024
0.2336906, 750, 1025
0.2332595, 780, 1026
0.2329653, 810, 1027
0.2332457, 840, 1028
0.2337166, 870, 1029
0.2333748, 900, 1030
0.2340102, 930, 1031
0.2335924, 960, 1032
0.2335304, 990, 1033
0.23297, 1020, 1034
0.2331372, 1050, 1035
0.2337278, 1080, 1036
0.2341607, 1110, 1037
0.2334638, 1140, 1038
0.2331795, 1170, 1039
0.2330009, 1200, 1040
0.2329536, 1230, 1041
0.2329483, 1260, 1042
0.2326698, 1290, 1043
0.2336958, 1320, 1044
0.2330815, 1350, 1045
0.2334671, 1380, 1046
0.233343, 1410, 1047
0.2331267, 1440, 1048
0.2331242, 1470, 1049
0.2327696, 1500, 1050
0.2325044, 1530, 1051
0.2324357, 1560, 1052
0.2325034, 1590, 1053
0.2323635, 1620, 1054
0.2327572, 1650, 1055
0.2321511, 1680, 1056
0.232921, 1710, 1057
0.2327548, 1740, 1058
0.2335082, 1770, 1059
0.2325366, 1800, 1060
0.2327389, 1830, 1061
0.2326319, 1860, 1062
0.2324023, 1890, 1063
0.2326437, 1920, 1064
0.2322414, 1950, 1065
0.2327018, 1980, 1066
0.23243, 2010, 1067
0.2325378, 2040, 1068
0.2327387, 2070, 1069
0.2325787, 2100, 1070
0.2325711, 2130, 1071
0.2329673, 2160, 1072
0.2330106, 2190, 1073
0.2331965, 2220, 1074
0.2327829, 2250, 1075
0.2324624, 2280, 1076
0.2329862, 2310, 1077
0.2326075, 2340, 1078
0.2325489, 2370, 1079
0.2330271, 2400, 1080
0.2332513, 2430, 1081
0.2329696, 2460, 1082
0.2329886, 2490, 1083
0.2329904, 2520, 1084
0.2328102, 2550, 1085
0.2328625, 2580, 1086
0.2328827, 2610, 1087
0.2326351, 2640, 1088
0.232586, 2670, 1089
0.232247, 2700, 1090
0.2330751, 2730, 1091
0.2332167, 2760, 1092
0.2322804, 2790, 1093
0.2330425, 2820, 1094
0.2327526, 2850, 1095
0.2325907, 2880, 1096
0.2330297, 2910, 1097
0.2325553, 2940, 1098
0.2325318, 2970, 1099
0.2324726, 3000, 1100
0.2325012, 3030, 1101
0.2325491, 3060, 1102
0.2327176, 3090, 1103
0.2327363, 3120, 1104
0.2325979, 3150, 1105
0.2327564, 3180, 1106
0.2327103, 3210, 1107
0.2325242, 3240, 1108
0.2325454, 3270, 1109
0.2327786, 3300, 1110
0.2318537, 3330, 1111
0.2325124, 3360, 1112
0.2322723, 3390, 1113
0.2324058, 3420, 1114
0.232233, 3450, 1115
0.2321249, 3480, 1116
0.2325463, 3510, 1117
0.2325971, 3540, 1118
0.2325628, 3570, 1119
0.2318084, 3600, 1120
0.232405, 3630, 1121
0.2325707, 3660, 1122
0.2321003, 3690, 1123
0.2322356, 3720, 1124
0.2323624, 3750, 1125
0.2326304, 3780, 1126
0.2331574, 3810, 1127
0.2327686, 3840, 1128
0.2324753, 3870, 1129
0.2320873, 3900, 1130
0.2324029, 3930, 1131
0.2328871, 3960, 1132
0.2323378, 3990, 1133
0.2324482, 4020, 1134
0.2323938, 4050, 1135
0.2328177, 4080, 1136
0.2325988, 4110, 1137
0.2324852, 4140, 1138
0.2324283, 4170, 1139
0.2318806, 4200, 1140
0.2325941, 4230, 1141
0.2324453, 4260, 1142
0.2317798, 4290, 1143
0.2326209, 4320, 1144
0.2319617, 4350, 1145
0.2321494, 4380, 1146
0.2327566, 4410, 1147
0.2319478, 4440, 1148
0.2326083, 4470, 1149
0.2322333, 4500, 1150
0.2322446, 4530, 1151
0.2322707, 4560, 1152
0.2325624, 4590, 1153
0.2329435, 4620, 1154
0.2328277, 4650, 1155
0.2325468, 4680, 1156
0.2328837, 4710, 1157
0.2328704, 4740, 1158
0.2330707, 4770, 1159
0.2328894, 4800, 1160
0.2327045, 4830, 1161
0.231797, 4860, 1162
0.2320893, 4890, 1163
0.232743, 4920, 1164
0.2324728, 4950, 1165
0.2324454, 4980, 1166
0.2319628, 5010, 1167
0.2324533, 5040, 1168
0.2333654, 5070, 1169
0.2326116, 5100, 1170
0.232886, 5130, 1171
0.2328185, 5160, 1172
0.2324391, 5190, 1173
0.2321498, 5220, 1174
0.2320615, 5250, 1175
0.2328349, 5280, 1176
0.2328526, 5310, 1177
0.2324113, 5340, 1178
0.2328033, 5370, 1179
0.2325086, 5400, 1180
0.2328058, 5430, 1181
0.2330567, 5460, 1182
0.2328896, 5490, 1183
0.2330457, 5520, 1184
0.2324313, 5550, 1185
0.2324743, 5580, 1186
0.2324028, 5610, 1187
0.2325548, 5640, 1188
0.2322565, 5670, 1189
0.2327746, 5700, 1190
0.2326204, 5730, 1191
0.233293, 5760, 1192
0.2333238, 5790, 1193
0.2327646, 5820, 1194
0.2330333, 5850, 1195
0.2331361, 5880, 1196
0.2326659, 5910, 1197
0.2333373, 5940, 1198
0.2335813, 5970, 1199
0.2334347, 6000, 1200
0.2333981, 6030, 1201
0.2328251, 6060, 1202
0.2328435, 6090, 1203
0.2330979, 6120, 1204
0.2331727, 6150, 1205
0.2328258, 6180, 1206
0.2329936, 6210, 1207
0.2333505, 6240, 1208
0.2337186, 6270, 1209
0.2336376, 6300, 1210
0.2336553, 6330, 1211
0.2341293, 6360, 1212
0.2342922, 6390, 1213
0.2335887, 6420, 1214
0.2348972, 6450, 1215
0.2342445, 6480, 1216
0.2336163, 6510, 1217
0.2344012, 6540, 1218
0.234553, 6570, 1219
0.2346952, 6600, 1220
0.2335884, 6630, 1221
0.2339311, 6660, 1222
0.2341351, 6690, 1223
0.2342649, 6720, 1224
0.2351145, 6750, 1225
0.2349171, 6780, 1226
0.2350463, 6810, 1227
0.234446, 6840, 1228
0.2359085, 6870, 1229
0.2352079, 6900, 1230
0.2349844, 6930, 1231
0.2354306, 6960, 1232
0.2356793, 6990, 1233
0.2354333, 7020, 1234
0.2361803, 7050, 1235
0.2359239, 7080, 1236
0.2352588, 7110, 1237
0.2356829, 7140, 1238
0.2361312, 7170, 1239
0.2361064, 7200, 1240
0.2359058, 7230, 1241
0.2359416, 7260, 1242
0.236508, 7290, 1243
0.2366278, 7320, 1244
0.2360549, 7350, 1245
0.2362654, 7380, 1246
0.2366553, 7410, 1247
0.2368541, 7440, 1248
0.2368161, 7470, 1249
0.2368776, 7500, 1250
0.2370039, 7530, 1251
0.2369519, 7560, 1252
0.2372017, 7590, 1253
0.2378504, 7620, 1254
0.2375114, 7650, 1255
0.2370216, 7680, 1256
0.2378957, 7710, 1257
0.2370692, 7740, 1258
0.2379767, 7770, 1259
0.2375569, 7800, 1260
0.2376202, 7830, 1261
0.2368438, 7860, 1262
0.2374767, 7890, 1263
0.237318, 7920, 1264
0.2375077, 7950, 1265
0.2371267, 7980, 1266
0.2378107, 8010, 1267
0.237547, 8040, 1268
0.2370334, 8070, 1269
0.237871, 8100, 1270
0.2372163, 8130, 1271
0.2372947, 8160, 1272
0.2382967, 8190, 1273
0.2379846, 8220, 1274
0.2384386, 8250, 1275
0.2385166, 8280, 1276
0.2383627, 8310, 1277
0.2381919, 8340, 1278
0.2380589, 8370, 1279
0.2377182, 8400, 1280
0.237605, 8430, 1281
0.2382168, 8460, 1282
0.2384691, 8490, 1283
0.2377768, 8520, 1284
0.2383626, 8550, 1285
0.2380637, 8580, 1286
0.239095, 8610, 1287
0.238759, 8640, 1288
0.2388488, 8670, 1289
0.2387009, 8700, 1290
0.2385679, 8730, 1291
0.2383508, 8760, 1292
0.2385192, 8790, 1293
0.2380799, 8820, 1294
0.2386611, 8850, 1295
0.2389538, 8880, 1296
0.2388401, 8910, 1297
0.2394878, 8940, 1298
0.2389683, 8970, 1299
0.2390182, 9000, 1300
0.2390243, 9030, 1301
0.2397191, 9060, 1302
0.2398375, 9090, 1303
0.2391206, 9120, 1304
0.2395478, 9150, 1305
0.2395858, 9180, 1306
0.2393215, 9210, 1307
0.2390288, 9240, 1308
0.2393102, 9270, 1309
0.2393122, 9300, 1310
0.239443, 9330, 1311
0.23941, 9360, 1312
0.2396225, 9390, 1313
0.2390388, 9420, 1314
0.2394912, 9450, 1315
0.2396133, 9480, 1316
0.2397587, 9510, 1317
0.2393898, 9540, 1318
0.2401738, 9570, 1319
0.2412055, 9600, 1320
0.2403948, 9630, 1321
0.2405184, 9660, 1322
0.2403462, 9690, 1323
0.2407814, 9720, 1324
0.2401851, 9750, 1325
0.2404264, 9780, 1326
0.2404041, 9810, 1327
0.2412396, 9840, 1328
0.240839, 9870, 1329
0.24141, 9900, 1330
0.2410387, 9930, 1331
0.2415095, 9960, 1332
0.2409559, 9990, 1333
0.2421508, 10020, 1334
0.2419372, 10050, 1335
0.2415135, 10080, 1336
0.2411049, 10110, 1337
0.241212, 10140, 1338
0.2414922, 10170, 1339
0.2416168, 10200, 1340
0.2416692, 10230, 1341
0.2415802, 10260, 1342
0.2420914, 10290, 1343
0.2412613, 10320, 1344
0.2424166, 10350, 1345
0.2421555, 10380, 1346
0.24185, 10410, 1347
0.2416703, 10440, 1348
0.2418842, 10470, 1349
0.2415425, 10500, 1350
0.2414279, 10530, 1351
0.2412927, 10560, 1352
0.2413711, 10590, 1353
0.241806, 10620, 1354
0.2417281, 10650, 1355
0.2419204, 10680, 1356
0.2421991, 10710, 1357
0.2420087, 10740, 1358
0.2418436, 10770, 1359
0.2415563, 10800, 1360
0.2417475, 10830, 1361
0.2410099, 10860, 1362
0.2415952, 10890, 1363
0.242029, 10920, 1364
0.2418744, 10950, 1365
0.2420606, 10980, 1366
0.2428283, 11010, 1367
0.2421642, 11040, 1368
0.2423753, 11070, 1369
0.2424255, 11100, 1370
0.2419324, 11130, 1371
0.2415408, 11160, 1372
0.2414298, 11190, 1373
0.2423057, 11220, 1374
0.242176, 11250, 1375
0.2422539, 11280, 1376
0.243044, 11310, 1377
0.2423522, 11340, 1378
0.241753, 11370, 1379
0.2424175, 11400, 1380
0.242461, 11430, 1381
0.242292, 11460, 1382
0.242055, 11490, 1383
0.242644, 11520, 1384
0.2430391, 11550, 1385
0.2428887, 11580, 1386
0.2426983, 11610, 1387
0.2424946, 11640, 1388
0.2427574, 11670, 1389
0.2427565, 11700, 1390
0.2425659, 11730, 1391
0.2429737, 11760, 1392
0.2427552, 11790, 1393
0.2420214, 11820, 1394
0.2427148, 11850, 1395
0.2434225, 11880, 1396
0.2436994, 11910, 1397
0.2440521, 11940, 1398
0.2437585, 11970, 1399
0.2434474, 12000, 1400
0.2433628, 12030, 1401
0.2437275, 12060, 1402
0.2434871, 12090, 1403
0.2441651, 12120, 1404
0.243544, 12150, 1405
0.244134, 12180, 1406
0.244129, 12210, 1407
0.2430835, 12240, 1408
0.2437995, 12270, 1409
0.2434156, 12300, 1410
0.2438203, 12330, 1411
0.2438507, 12360, 1412
0.2443059, 12390, 1413
0.2434966, 12420, 1414
0.2433418, 12450, 1415
0.2434186, 12480, 1416
0.2430738, 12510, 1417
0.2434677, 12540, 1418
0.2435991, 12570, 1419
0.2445819, 12600, 1420
0.2446377, 12630, 1421
0.2445725, 12660, 1422
0.2443855, 12690, 1423
0.24435, 12720, 1424
0.2439984, 12750, 1425
0.243943, 12780, 1426
0.2436552, 12810, 1427
0.2444534, 12840, 1428
0.2435417, 12870, 1429
0.2441294, 12900, 1430
0.2442447, 12930, 1431
0.2438684, 12960, 1432
0.2445573, 12990, 1433
0.2443362, 13020, 1434
0.244785, 13050, 1435
0.2449409, 13080, 1436
0.2445091, 13110, 1437
0.2445926, 13140, 1438
0.2437693, 13170, 1439
0.2443843, 13200, 1440
0.2444343, 13230, 1441
0.244494, 13260, 1442
0.2441437, 13290, 1443
0.2439751, 13320, 1444
0.2440873, 13350, 1445
0.2452154, 13380, 1446
0.2448246, 13410, 1447
0.2447304, 13440, 1448
0.2453325, 13470, 1449
0.2448803, 13500, 1450
0.2446081, 13530, 1451
0.244926, 13560, 1452
0.2445799, 13590, 1453
0.2456347, 13620, 1454
0.2446044, 13650, 1455
0.2446039, 13680, 1456
0.2457552, 13710, 1457
0.2456746, 13740, 1458
0.2450271, 13770, 1459
0.2456093, 13800, 1460
0.2451745, 13830, 1461
0.2450441, 13860, 1462
0.2457458, 13890, 1463
0.2460507, 13920, 1464
0.2457988, 13950, 1465
0.2459553, 13980, 1466
0.2456523, 14010, 1467
0.2462616, 14040, 1468
0.2460832, 14070, 1469
0.2457394, 14100, 1470
0.2464347, 14130, 1471
0.2464418, 14160, 1472
0.2467587, 14190, 1473
0.2461375, 14220, 1474
0.2456475, 14250, 1475
0.2453642, 14280, 1476
0.2458048, 14310, 1477
0.2457156, 14340, 1478
0.246445, 14370, 1479
0.2463741, 14400, 1480
0.2470231, 14430, 1481
0.2458494, 14460, 1482
0.2470262, 14490, 1483
0.2462893, 14520, 1484
0.2466406, 14550, 1485
0.2460681, 14580, 1486
0.2469113, 14610, 1487
0.2472429, 14640, 1488
0.2475577, 14670, 1489
0.2465086, 14700, 1490
0.2469639, 14730, 1491
0.2474871, 14760, 1492
0.2473297, 14790, 1493
0.2470732, 14820, 1494
0.2472536, 14850, 1495
0.2468479, 14880, 1496
0.2465886, 14910, 1497
0.2465094, 14940, 1498
0.2464283, 14970, 1499
0.2461095, 15000, 1500
0.2464859, 15030, 1501
0.2465619, 15060, 1502
0.2465327, 15090, 1503
0.2468356, 15120, 1504
0.247121, 15150, 1505
0.2466813, 15180, 1506
0.2471298, 15210, 1507
0.2479628, 15240, 1508
0.2475482, 15270, 1509
0.2478197, 15300, 1510
0.2482093, 15330, 1511
0.247983, 15360, 1512
0.2476794, 15390, 1513
0.2475564, 15420, 1514
0.2471435, 15450, 1515
0.2483251, 15480, 1516
0.2478471, 15510, 1517
0.2485115, 15540, 1518
0.2473335, 15570, 1519
0.2479411, 15600, 1520
0.2481213, 15630, 1521
0.2483695, 15660, 1522
0.2478036, 15690, 1523
0.24829, 15720, 1524
0.247786, 15750, 1525
0.2476415, 15780, 1526
0.2475416, 15810, 1527
0.2480368, 15840, 1528
0.2475851, 15870, 1529
0.2485358, 15900, 1530
0.2485611, 15930, 1531
0.2484506, 15960, 1532
0.2482349, 15990, 1533
0.2487199, 16020, 1534
0.2477303, 16050, 1535
0.2482961, 16080, 1536
0.2486476, 16110, 1537
0.2479901, 16140, 1538
0.2483789, 16170, 1539
0.2485444, 16200, 1540
0.2492698, 16230, 1541
0.2491834, 16260, 1542
0.2495165, 16290, 1543
0.2487435, 16320, 1544
0.2491612, 16350, 1545
0.2484872, 16380, 1546
0.2485331, 16410, 1547
0.2490401, 16440, 1548
0.2494286, 16470, 1549
0.2489481, 16500, 1550
0.2492249, 16530, 1551
0.2488134, 16560, 1552
0.2487781, 16590, 1553
0.2496328, 16620, 1554
0.2488632, 16650, 1555
0.2492154, 16680, 1556
0.2499342, 16710, 1557
0.2495948, 16740, 1558
0.2496994, 16770, 1559
0.2498531, 16800, 1560
0.2495048, 16830, 1561
0.2501214, 16860, 1562
0.2498319, 16890, 1563
0.2498998, 16920, 1564
0.2494565, 16950, 1565
0.2493737, 16980, 1566
0.2505259, 17010, 1567
0.2502394, 17040, 1568
0.2505133, 17070, 1569
0.250713, 17100, 1570
0.2510863, 17130, 1571
0.2492404, 17160, 1572
0.2501656, 17190, 1573
0.2498078, 17220, 1574
0.2511399, 17250, 1575
0.2501014, 17280, 1576
0.2491744, 17310, 1577
0.250987, 17340, 1578
0.2507596, 17370, 1579
0.2507382, 17400, 1580
0.250498, 17430, 1581
0.2508424, 17460, 1582
0.2499981, 17490, 1583
0.250759, 17520, 1584
0.2514044, 17550, 1585
0.2508602, 17580, 1586
0.2514369, 17610, 1587
0.2515904, 17640, 1588
0.2514012, 17670, 1589
0.251704, 17700, 1590
0.2518786, 17730, 1591
0.2516306, 17760, 1592
0.2510004, 17790, 1593
0.2512533, 17820, 1594
0.2517426, 17850, 1595
0.2522511, 17880, 1596
0.2516545, 17910, 1597
0.2513787, 17940, 1598
0.2512724, 17970, 1599
0.2517033, 18000, 1600
0.2518181, 18030, 1601
0.2517592, 18060, 1602
0.2517876, 18090, 1603
0.2527967, 18120, 1604
0.2530684, 18150, 1605
0.2520702, 18180, 1606
0.2531748, 18210, 1607
0.2529454, 18240, 1608
0.2527626, 18270, 1609
0.2522192, 18300, 1610
0.2522863, 18330, 1611
0.2525009, 18360, 1612
0.2536342, 18390, 1613
0.2529275, 18420, 1614
0.2526847, 18450, 1615
0.252078, 18480, 1616
0.2530781, 18510, 1617
0.2529292, 18540, 1618
0.2527611, 18570, 1619
0.2536326, 18600, 1620
0.2522585, 18630, 1621
0.2521059, 18660, 1622
0.2533131, 18690, 1623
0.2531667, 18720, 1624
0.2541034, 18750, 1625
0.2537023, 18780, 1626
0.252931, 18810, 1627
0.2529775, 18840, 1628
0.2532146, 18870, 1629
0.2538568, 18900, 1630
0.2534463, 18930, 1631
0.2543202, 18960, 1632
0.254168, 18990, 1633
0.2540257, 19020, 1634
0.2535772, 19050, 1635
0.253708, 19080, 1636
0.2541637, 19110, 1637
0.2535386, 19140, 1638
0.2540779, 19170, 1639
0.2543362, 19200, 1640
0.2550542, 19230, 1641
0.2544638, 19260, 1642
0.2544326, 19290, 1643
0.2548039, 19320, 1644
0.2544095, 19350, 1645
0.2547788, 19380, 1646
0.2550398, 19410, 1647
0.2546822, 19440, 1648
0.2551306, 19470, 1649
0.2556402, 19500, 1650
0.2546278, 19530, 1651
0.2553745, 19560, 1652
0.2544453, 19590, 1653
0.2544073, 19620, 1654
0.254047, 19650, 1655
0.2550972, 19680, 1656
0.255309, 19710, 1657
0.2553667, 19740, 1658
0.2551874, 19770, 1659
0.2553863, 19800, 1660
0.2558511, 19830, 1661
0.2560755, 19860, 1662
0.2543895, 19890, 1663
0.2558229, 19920, 1664
0.2554029, 19950, 1665
0.2558784, 19980, 1666
0.2564335, 20010, 1667
0.2562013, 20040, 1668
0.2566306, 20070, 1669
0.2562205, 20100, 1670
0.2568098, 20130, 1671
0.2556342, 20160, 1672
0.2575821, 20190, 1673
0.257155, 20220, 1674
0.2569871, 20250, 1675
0.257172, 20280, 1676
0.2572392, 20310, 1677
0.2561823, 20340, 1678
0.2564441, 20370, 1679
0.2574128, 20400, 1680
0.2575476, 20430, 1681
0.2576353, 20460, 1682
0.2575532, 20490, 1683
0.257851, 20520, 1684
0.2575816, 20550, 1685
0.2573629, 20580, 1686
0.2569433, 20610, 1687
0.2584548, 20640, 1688
0.2575693, 20670, 1689
0.2577638, 20700, 1690
0.2576853, 20730, 1691
0.2574731, 20760, 1692
0.2577868, 20790, 1693
0.2576349, 20820, 1694
0.2576508, 20850, 1695
0.2585056, 20880, 1696
0.2582301, 20910, 1697
0.2585579, 20940, 1698
0.2586335, 20970, 1699
0.2571747, 21000, 1700
0.2584423, 21030, 1701
0.258268, 21060, 1702
0.2590535, 21090, 1703
0.2583338, 21120, 1704
0.2588485, 21150, 1705
0.2592682, 21180, 1706
0.2585983, 21210, 1707
0.2594422, 21240, 1708
0.2588324, 21270, 1709
0.2595476, 21300, 1710
0.259069, 21330, 1711
0.2597664, 21360, 1712
0.259663, 21390, 1713
0.2585619, 21420, 1714
0.259349, 21450, 1715
0.2598131, 21480, 1716
0.2595213, 21510, 1717
0.2592222, 21540, 1718
0.2586124, 21570, 1719
0.2594074, 21600, 1720
0.2604258, 21630, 1721
0.2595637, 21660, 1722
0.260524, 21690, 1723
0.2605741, 21720, 1724
0.2600809, 21750, 1725
0.2603784, 21780, 1726
0.2613008, 21810, 1727
0.2603581, 21840, 1728
0.2604311, 21870, 1729
0.2605166, 21900, 1730
0.260795, 21930, 1731
0.2600833, 21960, 1732
0.260158, 21990, 1733
0.2601259, 22020, 1734
0.2615905, 22050, 1735
0.2608721, 22080, 1736
0.260592, 22110, 1737
0.26159, 22140, 1738
0.2610766, 22170, 1739
0.2612947, 22200, 1740
0.2612669, 22230, 1741
0.2621247, 22260, 1742
0.2615171, 22290, 1743
0.262954, 22320, 1744
0.2610952, 22350, 1745
0.2619518, 22380, 1746
0.2615131, 22410, 1747
0.2622808, 22440, 1748
0.2619794, 22470, 1749
0.2611189, 22500, 1750
0.2613984, 22530, 1751
0.2620183, 22560, 1752
0.2616396, 22590, 1753
0.261513, 22620, 1754
0.2629529, 22650, 1755
0.2626471, 22680, 1756
0.2623642, 22710, 1757
0.2624531, 22740, 1758
0.2616433, 22770, 1759
0.2622676, 22800, 1760
0.2621321, 22830, 1761
0.2626359, 22860, 1762
0.2628845, 22890, 1763
0.2632118, 22920, 1764
0.2627313, 22950, 1765
0.2630095, 22980, 1766
0.2635046, 23010, 1767
0.2634174, 23040, 1768
0.2634333, 23070, 1769
0.2642731, 23100, 1770
0.2632755, 23130, 1771
0.263519, 23160, 1772
0.2640629, 23190, 1773
0.263662, 23220, 1774
0.2632608, 23250, 1775
0.2626814, 23280, 1776
0.2627829, 23310, 1777
0.2642068, 23340, 1778
0.2637206, 23370, 1779
0.26387, 23400, 1780
0.2639465, 23430, 1781
0.2651602, 23460, 1782
0.2662032, 23490, 1783
0.263837, 23520, 1784
0.2653485, 23550, 1785
0.2645749, 23580, 1786
0.2653067, 23610, 1787
0.2635856, 23640, 1788
0.2649579, 23670, 1789
0.2652709, 23700, 1790
0.2646571, 23730, 1791
0.2656182, 23760, 1792
0.2667134, 23790, 1793
0.2657481, 23820, 1794
0.2667607, 23850, 1795
0.2656618, 23880, 1796
0.2657711, 23910, 1797
0.2654109, 23940, 1798
0.2659464, 23970, 1799
0.265055, 24000, 1800
0.2658388, 24030, 1801
0.2659457, 24060, 1802
0.267111, 24090, 1803
0.2663165, 24120, 1804
0.2668672, 24150, 1805
0.2665167, 24180, 1806
0.2661144, 24210, 1807
0.266089, 24240, 1808
0.2669109, 24270, 1809
0.2669936, 24300, 1810
0.2657102, 24330, 1811
0.2668181, 24360, 1812
0.2670694, 24390, 1813
0.2674827, 24420, 1814
0.2675899, 24450, 1815
0.2680963, 24480, 1816
0.2676371, 24510, 1817
0.267189, 24540, 1818
0.2666346, 24570, 1819
0.2667818, 24600, 1820
0.2680234, 24630, 1821
0.266572, 24660, 1822
0.2680085, 24690, 1823
0.2684156, 24720, 1824
0.2687129, 24750, 1825
0.2680954, 24780, 1826
0.2673582, 24810, 1827
0.2675675, 24840, 1828
0.2669456, 24870, 1829
0.268961, 24900, 1830
0.268922, 24930, 1831
0.2692149, 24960, 1832
0.269135, 24990, 1833
0.2687276, 25020, 1834
0.2692744, 25050, 1835
0.2678018, 25080, 1836
0.2690183, 25110, 1837
0.2682828, 25140, 1838
0.2683374, 25170, 1839
0.2683335, 25200, 1840
0.2689151, 25230, 1841
0.2706512, 25260, 1842
0.2693204, 25290, 1843
0.2709018, 25320, 1844
0.2706899, 25350, 1845
0.2702976, 25380, 1846
0.2705205, 25410, 1847
0.2700036, 25440, 1848
0.2704103, 25470, 1849
0.2704002, 25500, 1850
0.2693811, 25530, 1851
0.2702374, 25560, 1852
0.2696274, 25590, 1853
0.2703878, 25620, 1854
0.2698266, 25650, 1855
0.2719203, 25680, 1856
0.2714948, 25710, 1857
0.2711564, 25740, 1858
0.270461, 25770, 1859
0.2709861, 25800, 1860
0.271239, 25830, 1861
0.270734, 25860, 1862
0.272367, 25890, 1863
0.271979, 25920, 1864
0.2714077, 25950, 1865
0.27234, 25980, 1866
0.2727409, 26010, 1867
0.2731063, 26040, 1868
0.2731146, 26070, 1869
0.2721793, 26100, 1870
0.2725981, 26130, 1871
0.2720523, 26160, 1872
0.2716875, 26190, 1873
0.2719167, 26220, 1874
0.2727644, 26250, 1875
0.2737639, 26280, 1876
0.273156, 26310, 1877
0.2727668, 26340, 1878
0.2726987, 26370, 1879
0.2739293, 26400, 1880
0.2738715, 26430, 1881
0.2727578, 26460, 1882
0.2732198, 26490, 1883
0.27417, 26520, 1884
0.2745457, 26550, 1885
0.274226, 26580, 1886
0.273811, 26610, 1887
0.2751367, 26640, 1888
0.2742964, 26670, 1889
0.2742314, 26700, 1890
0.2745297, 26730, 1891
0.2743773, 26760, 1892
0.2743931, 26790, 1893
0.2748495, 26820, 1894
0.2747603, 26850, 1895
0.2747841, 26880, 1896
0.2749469, 26910, 1897
0.2736683, 26940, 1898
0.2755444, 26970, 1899
0.2753723, 27000, 1900
0.2763148, 27030, 1901
0.2750406, 27060, 1902
0.2754253, 27090, 1903
0.2743754, 27120, 1904
0.2753571, 27150, 1905
0.2753288, 27180, 1906
0.2760082, 27210, 1907
0.2761277, 27240, 1908
0.2771607, 27270, 1909
0.2765769, 27300, 1910
0.2771106, 27330, 1911
0.2774201, 27360, 1912
0.2763472, 27390, 1913
0.2767378, 27420, 1914
0.2770863, 27450, 1915
0.2765353, 27480, 1916
0.2767797, 27510, 1917
0.2762207, 27540, 1918
0.2767338, 27570, 1919
0.2782284, 27600, 1920
0.2787403, 27630, 1921
0.2778867, 27660, 1922
0.2772009, 27690, 1923
0.278418, 27720, 1924
0.2772152, 27750, 1925
0.2789743, 27780, 1926
0.2785496, 27810, 1927
0.2781611, 27840, 1928
0.2787954, 27870, 1929
0.2810019, 27900, 1930
0.2797167, 27930, 1931
0.2795036, 27960, 1932
0.2785234, 27990, 1933
0.2796404, 28020, 1934
0.2787516, 28050, 1935
0.2793683, 28080, 1936
0.2795534, 28110, 1937
0.2791615, 28140, 1938
0.2788283, 28170, 1939
0.2785748, 28200, 1940
0.279641, 28230, 1941
0.2812612, 28260, 1942
0.28184, 28290, 1943
0.2794306, 28320, 1944
0.2799628, 28350, 1945
0.2817004, 28380, 1946
0.2808416, 28410, 1947
0.2802665, 28440, 1948
0.2811, 28470, 1949
0.2815964, 28500, 1950
0.2822253, 28530, 1951
0.2820241, 28560, 1952
0.2802349, 28590, 1953
0.2812903, 28620, 1954
0.2831401, 28650, 1955
0.2808542, 28680, 1956
0.2810648, 28710, 1957
0.2825974, 28740, 1958
0.2811119, 28770, 1959
0.2833121, 28800, 1960
0.2817185, 28830, 1961
0.2814446, 28860, 1962
0.2812796, 28890, 1963
0.2825284, 28920, 1964
0.2817138, 28950, 1965
0.2814117, 28980, 1966
0.2819869, 29010, 1967
0.2825498, 29040, 1968
0.2831577, 29070, 1969
0.2833653, 29100, 1970
0.2832396, 29130, 1971
0.2836704, 29160, 1972
0.2842604, 29190, 1973
0.2831014, 29220, 1974
0.2829507, 29250, 1975
0.2828633, 29280, 1976
0.2846601, 29310, 1977
0.2845426, 29340, 1978
0.2848882, 29370, 1979
0.2857022, 29400, 1980
0.2852142, 29430, 1981
0.2838026, 29460, 1982
0.2843128, 29490, 1983
0.2864042, 29520, 1984
0.2863698, 29550, 1985
0.2842774, 29580, 1986
0.2857244, 29610, 1987
0.2854117, 29640, 1988
0.2864228, 29670, 1989
0.2863106, 29700, 1990
0.284491, 29730, 1991
0.2865785, 29760, 1992
0.2860076, 29790, 1993
0.2859662, 29820, 1994
0.2882266, 29850, 1995
0.2878765, 29880, 1996
0.2886459, 29910, 1997
0.2888055, 29940, 1998
0.2870366, 29970, 1999
0.2871842, 30000, 2000
0.2872348, 30030, 2001
0.2872393, 30060, 2002
0.2882817, 30090, 2003
0.2893617, 30120, 2004
0.2896899, 30150, 2005
0.2880056, 30180, 2006
0.2877137, 30210, 2007
0.2886849, 30240, 2008
0.2889971, 30270, 2009
0.2888536, 30300, 2010
0.2869628, 30330, 2011
0.2888715, 30360, 2012
0.2896187, 30390, 2013
0.2903069, 30420, 2014
0.2908708, 30450, 2015
0.2877049, 30480, 2016
0.2907507, 30510, 2017
0.2897371, 30540, 2018
0.2897515, 30570, 2019
0.290752, 30600, 2020
0.2910591, 30630, 2021
0.2904762, 30660, 2022
0.291188, 30690, 2023
0.2908964, 30720, 2024
0.2925468, 30750, 2025
0.2910587, 30780, 2026
0.2920752, 30810, 2027
0.2909931, 30840, 2028
0.2909916, 30870, 2029
0.2918079, 30900, 2030
0.290823, 30930, 2031
0.2917245, 30960, 2032
0.2925306, 30990, 2033
0.2938903, 31020, 2034
0.2926587, 31050, 2035
0.2912321, 31080, 2036
0.2923061, 31110, 2037
0.2942518, 31140, 2038
0.2925016, 31170, 2039
0.2933395, 31200, 2040
0.2930188, 31230, 2041
0.2931488, 31260, 2042
0.2932149, 31290, 2043
0.2945318, 31320, 2044
0.2940224, 31350, 2045
0.2946905, 31380, 2046
0.2925289, 31410, 2047
0.2935579, 31440, 2048
0.2948103, 31470, 2049
0.2943814, 31500, 2050
0.2938312, 31530, 2051
0.2946026, 31560, 2052
0.2932204, 31590, 2053
0.2951651, 31620, 2054
0.2968023, 31650, 2055
0.2940682, 31680, 2056
0.2955959, 31710, 2057
0.2956594, 31740, 2058
0.2962094, 31770, 2059
0.2962429, 31800, 2060
0.2965453, 31830, 2061
0.2968898, 31860, 2062
0.2959985, 31890, 2063
0.296241, 31920, 2064
0.2962013, 31950, 2065
0.2978412, 31980, 2066
0.297107, 32010, 2067
0.2971085, 32040, 2068
0.2984043, 32070, 2069
0.2971328, 32100, 2070
0.2987325, 32130, 2071
0.2973986, 32160, 2072
0.2982977, 32190, 2073
0.2979514, 32220, 2074
0.2961712, 32250, 2075
0.2988786, 32280, 2076
0.2988886, 32310, 2077
0.298909, 32340, 2078
0.2988775, 32370, 2079
0.2981178, 32400, 2080
0.2990807, 32430, 2081
0.2998023, 32460, 2082
0.3000129, 32490, 2083
0.2987092, 32520, 2084
0.2995183, 32550, 2085
0.2977787, 32580, 2086
0.3022584, 32610, 2087
0.3013214, 32640, 2088
0.301975, 32670, 2089
0.3015251, 32700, 2090
0.3011075, 32730, 2091
0.2998705, 32760, 2092
0.3002608, 32790, 2093
0.3005362, 32820, 2094
0.3024011, 32850, 2095
0.3020466, 32880, 2096
0.3036326, 32910, 2097
0.3013601, 32940, 2098
0.3006743, 32970, 2099
0.3014872, 33000, 2100
0.301136, 33030, 2101
0.3023721, 33060, 2102
0.3034827, 33090, 2103
0.3037486, 33120, 2104
0.3029597, 33150, 2105
0.3027127, 33180, 2106
0.3029768, 33210, 2107
0.3020385, 33240, 2108
0.3042037, 33270, 2109
0.3052966, 33300, 2110
0.3033908, 33330, 2111
0.3039484, 33360, 2112
0.3039845, 33390, 2113
0.3031754, 33420, 2114
0.3049281, 33450, 2115
0.3054766, 33480, 2116
0.3046826, 33510, 2117
0.3055001, 33540, 2118
0.3043023, 33570, 2119
0.3036852, 33600, 2120
0.3048601, 33630, 2121
0.3052463, 33660, 2122
0.3061625, 33690, 2123
0.3068358, 33720, 2124
0.3069554, 33750, 2125
0.3063202, 33780, 2126
0.3057053, 33810, 2127
0.3058387, 33840, 2128
0.3060113, 33870, 2129
0.307213, 33900, 2130
0.3091595, 33930, 2131
0.3071803, 33960, 2132
0.3062675, 33990, 2133
0.3087587, 34020, 2134
0.3067952, 34050, 2135
0.3071607, 34080, 2136
0.3070716, 34110, 2137
0.309408, 34140, 2138
0.3069093, 34170, 2139
0.3085181, 34200, 2140
0.3089667, 34230, 2141
0.3096484, 34260, 2142
0.3082466, 34290, 2143
0.3089358, 34320, 2144
0.308071, 34350, 2145
0.3087908, 34380, 2146
0.3099541, 34410, 2147
0.3091828, 34440, 2148
0.3117416, 34470, 2149
0.3120384, 34500, 2150
0.3120317, 34530, 2151
0.3125531, 34560, 2152
0.3102946, 34590, 2153
0.3099833, 34620, 2154
0.3113986, 34650, 2155
0.3103771, 34680, 2156
0.3111885, 34710, 2157
0.3125496, 34740, 2158
0.3125099, 34770, 2159
0.3117239, 34800, 2160
0.3109251, 34830, 2161
0.3117961, 34860, 2162
0.313174, 34890, 2163
0.3112968, 34920, 2164
0.3124528, 34950, 2165
0.3119767, 34980, 2166
0.3150239, 35010, 2167
0.3138899, 35040, 2168
0.3143033, 35070, 2169
0.3137211, 35100, 2170
0.3139077, 35130, 2171
0.3126089, 35160, 2172
0.3146777, 35190, 2173
0.3148632, 35220, 2174
0.3121892, 35250, 2175
0.3133272, 35280, 2176
0.3134176, 35310, 2177
0.3140262, 35340, 2178
0.3141371, 35370, 2179
0.3147871, 35400, 2180
0.3138971, 35430, 2181
0.3145361, 35460, 2182
0.3167777, 35490, 2183
0.3152206, 35520, 2184
0.3164428, 35550, 2185
0.3161645, 35580, 2186
0.31777, 35610, 2187
0.3160389, 35640, 2188
0.3171494, 35670, 2189
0.3175661, 35700, 2190
0.3166968, 35730, 2191
0.317448, 35760, 2192
0.3168107, 35790, 2193
0.3177606, 35820, 2194
0.3172246, 35850, 2195
0.317445, 35880, 2196
0.3184898, 35910, 2197
0.3196788, 35940, 2198
0.3182196, 35970, 2199
0.3187194, 36000, 2200
0.320644, 36030, 2201
0.3195511, 36060, 2202
0.3208701, 36090, 2203
0.3211703, 36120, 2204
0.3196227, 36150, 2205
0.3207551, 36180, 2206
0.3202583, 36210, 2207
0.3210747, 36240, 2208
0.3195513, 36270, 2209
0.3207648, 36300, 2210
0.3211594, 36330, 2211
0.3207355, 36360, 2212
0.321473, 36390, 2213
0.3217174, 36420, 2214
0.3203866, 36450, 2215
0.3218077, 36480, 2216
0.3221436, 36510, 2217
0.3221195, 36540, 2218
0.322293, 36570, 2219
0.3256232, 36600, 2220
0.3224268, 36630, 2221
0.325601, 36660, 2222
0.3232171, 36690, 2223
0.3260831, 36720, 2224
0.3244974, 36750, 2225
0.3253855, 36780, 2226
0.3238476, 36810, 2227
0.3256789, 36840, 2228
0.3236289, 36870, 2229
0.3243321, 36900, 2230
0.3274692, 36930, 2231
0.3229874, 36960, 2232
0.3269389, 36990, 2233
0.3248108, 37020, 2234
0.3277125, 37050, 2235
0.3272681, 37080, 2236
0.3265331, 37110, 2237
0.3250694, 37140, 2238
0.3278852, 37170, 2239
0.3294287, 37200, 2240
0.3247389, 37230, 2241
0.3279047, 37260, 2242
0.3287468, 37290, 2243
0.3269044, 37320, 2244
0.3277128, 37350, 2245
0.3269587, 37380, 2246
0.3274705, 37410, 2247
0.3270268, 37440, 2248
0.3290543, 37470, 2249
0.33057, 37500, 2250
0.3289102, 37530, 2251
0.3299804, 37560, 2252
0.3290112, 37590, 2253
0.3306867, 37620, 2254
0.3285965, 37650, 2255
0.3316602, 37680, 2256
0.3309595, 37710, 2257
0.3279684, 37740, 2258
0.3308695, 37770, 2259
0.3311944, 37800, 2260
0.3307917, 37830, 2261
0.3308051, 37860, 2262
0.3313633, 37890, 2263
0.3326889, 37920, 2264
0.3320039, 37950, 2265
0.330643, 37980, 2266
0.3332146, 38010, 2267
0.3344748, 38040, 2268
0.3333921, 38070, 2269
0.3335835, 38100, 2270
0.3319259, 38130, 2271
0.3340514, 38160, 2272
0.3334899, 38190, 2273
0.3324539, 38220, 2274
0.332886, 38250, 2275
0.3336007, 38280, 2276
0.3342043, 38310, 2277
0.3337118, 38340, 2278
0.3365287, 38370, 2279
0.3342297, 38400, 2280
0.3326362, 38430, 2281
0.3337409, 38460, 2282
0.3361706, 38490, 2283
0.3364713, 38520, 2284
0.3365923, 38550, 2285
0.3337567, 38580, 2286
0.3363254, 38610, 2287
0.3353796, 38640, 2288
0.3369665, 38670, 2289
0.3367096, 38700, 2290
0.3375075, 38730, 2291
0.3395912, 38760, 2292
0.3380682, 38790, 2293
0.3396466, 38820, 2294
0.3407732, 38850, 2295
0.3399564, 38880, 2296
0.3414408, 38910, 2297
0.3398323, 38940, 2298
0.340337, 38970, 2299
0.3395862, 39000, 2300
0.3417713, 39030, 2301
0.3402145, 39060, 2302
0.3411721, 39090, 2303
0.3421224, 39120, 2304
0.3423867, 39150, 2305
0.3411138, 39180, 2306
0.3396314, 39210, 2307
0.3432911, 39240, 2308
0.3433213, 39270, 2309
0.3427678, 39300, 2310
0.3429461, 39330, 2311
0.3452302, 39360, 2312
0.3448004, 39390, 2313
0.3410148, 39420, 2314
0.343562, 39450, 2315
0.34325, 39480, 2316
0.3448711, 39510, 2317
0.3447277, 39540, 2318
0.3426192, 39570, 2319
0.343771, 39600, 2320
0.346382, 39630, 2321
0.3454201, 39660, 2322
0.3447521, 39690, 2323
0.3461749, 39720, 2324
0.3464783, 39750, 2325
0.3468716, 39780, 2326
0.3467582, 39810, 2327
0.3470052, 39840, 2328
0.3472038, 39870, 2329
0.3469566, 39900, 2330
0.3473248, 39930, 2331
0.3439447, 39960, 2332
0.3495902, 39990, 2333
0.3464996, 40020, 2334
0.3470945, 40050, 2335
0.3478153, 40080, 2336
0.3473754, 40110, 2337
0.3483732, 40140, 2338
0.3489736, 40170, 2339
0.3503016, 40200, 2340
0.3520768, 40230, 2341
0.3497916, 40260, 2342
0.3500148, 40290, 2343
0.3511382, 40320, 2344
0.350587, 40350, 2345
0.3501141, 40380, 2346
0.349633, 40410, 2347
0.3498863, 40440, 2348
0.3520013, 40470, 2349
0.3506093, 40500, 2350
0.3523063, 40530, 2351
0.3532301, 40560, 2352
0.3527535, 40590, 2353
0.3516197, 40620, 2354
0.3531021, 40650, 2355
0.3539981, 40680, 2356
0.3532269, 40710, 2357
0.355016, 40740, 2358
0.3549085, 40770, 2359
0.3523701, 40800, 2360
0.3541223, 40830, 2361
0.3552325, 40860, 2362
0.3571648, 40890, 2363
0.3564734, 40920, 2364
0.3556094, 40950, 2365
0.3563517, 40980, 2366
0.3540074, 41010, 2367
0.3557489, 41040, 2368
0.3591388, 41070, 2369
0.3555406, 41100, 2370
0.3556597, 41130, 2371
0.3607933, 41160, 2372
0.356072, 41190, 2373
0.3581333, 41220, 2374
0.3596524, 41250, 2375
0.3583491, 41280, 2376
0.3545115, 41310, 2377
0.357932, 41340, 2378
0.3609902, 41370, 2379
0.3595444, 41400, 2380
0.3595943, 41430, 2381
0.3585049, 41460, 2382
0.3609857, 41490, 2383
0.360322, 41520, 2384
0.3597726, 41550, 2385
0.3604803, 41580, 2386
0.3593787, 41610, 2387
0.3622583, 41640, 2388
0.3629778, 41670, 2389
0.3624174, 41700, 2390
0.3611382, 41730, 2391
0.3629312, 41760, 2392
0.3607924, 41790, 2393
0.3603531, 41820, 2394
0.3610012, 41850, 2395
0.3626001, 41880, 2396
0.3651759, 41910, 2397
0.3609526, 41940, 2398
0.3629093, 41970, 2399
0.3617009, 42000, 2400
0.3609979, 42030, 2401
0.364666, 42060, 2402
0.3635953, 42090, 2403
0.3656153, 42120, 2404
0.3669725, 42150, 2405
0.3638683, 42180, 2406
0.3672715, 42210, 2407
0.3673901, 42240, 2408
0.3659832, 42270, 2409
0.3664505, 42300, 2410
0.3665719, 42330, 2411
0.3678708, 42360, 2412
0.3690371, 42390, 2413
0.3670244, 42420, 2414
0.3656273, 42450, 2415
0.3661122, 42480, 2416
0.3663929, 42510, 2417
0.3699163, 42540, 2418
0.3644509, 42570, 2419
0.3692793, 42600, 2420
0.3667235, 42630, 2421
0.3690615, 42660, 2422
0.3697728, 42690, 2423
0.3696326, 42720, 2424
0.3707732, 42750, 2425
0.372153, 42780, 2426
0.3719485, 42810, 2427
0.3712938, 42840, 2428
0.3748479, 42870, 2429
0.3699601, 42900, 2430
0.3731073, 42930, 2431
0.3728321, 42960, 2432
0.374031, 42990, 2433
0.372177, 43020, 2434
0.3727747, 43050, 2435
0.3714029, 43080, 2436
0.3778563, 43110, 2437
0.37214, 43140, 2438
0.3751076, 43170, 2439
0.3745276, 43200, 2440
0.3735366, 43230, 2441
0.3737164, 43260, 2442
0.3747196, 43290, 2443
0.3759635, 43320, 2444
0.3771232, 43350, 2445
0.3756555, 43380, 2446
0.3736358, 43410, 2447
0.3788428, 43440, 2448
0.3770439, 43470, 2449
0.3774999, 43500, 2450
0.3745844, 43530, 2451
0.3790705, 43560, 2452
0.3816986, 43590, 2453
0.3800687, 43620, 2454
0.3782269, 43650, 2455
0.3778243, 43680, 2456
0.3806166, 43710, 2457
0.3839893, 43740, 2458
0.3803093, 43770, 2459
0.3784423, 43800, 2460
0.381567, 43830, 2461
0.3800401, 43860, 2462
0.3844137, 43890, 2463
0.3822272, 43920, 2464
0.3801845, 43950, 2465
0.3801356, 43980, 2466
0.3836482, 44010, 2467
0.382414, 44040, 2468
0.3835186, 44070, 2469
0.3834878, 44100, 2470
0.3814735, 44130, 2471
0.3848081, 44160, 2472
0.3845842, 44190, 2473
0.3827302, 44220, 2474
0.3837976, 44250, 2475
0.3826063, 44280, 2476
0.3859339, 44310, 2477
0.383716, 44340, 2478
0.3864108, 44370, 2479
0.3858539, 44400, 2480
0.3849239, 44430, 2481
0.3863889, 44460, 2482
0.388256, 44490, 2483
0.3869165, 44520, 2484
0.3881392, 44550, 2485
0.3872658, 44580, 2486
0.3870161, 44610, 2487
0.3862022, 44640, 2488
0.3881821, 44670, 2489
0.3871646, 44700, 2490
0.3896929, 44730, 2491
0.3880003, 44760, 2492
0.3931436, 44790, 2493
0.3878489, 44820, 2494
0.3892757, 44850, 2495
0.3901375, 44880, 2496
0.392353, 44910, 2497
0.38962, 44940, 2498
0.3921262, 44970, 2499
0.3916477, 45000, 2500
0.3945559, 45030, 2501
0.3900964, 45060, 2502
0.3910822, 45090, 2503
0.3943437, 45120, 2504
0.3944529, 45150, 2505
0.3969356, 45180, 2506
0.3935497, 45210, 2507
0.3986922, 45240, 2508
0.3950408, 45270, 2509
0.3931954, 45300, 2510
0.3968456, 45330, 2511
0.3931656, 45360, 2512
0.3950419, 45390, 2513
0.3950182, 45420, 2514
0.3965857, 45450, 2515
0.3985376, 45480, 2516
0.4000605, 45510, 2517
0.3986978, 45540, 2518
0.3970807, 45570, 2519
0.3993558, 45600, 2520
0.3980529, 45630, 2521
0.3984018, 45660, 2522
0.399442, 45690, 2523
0.4019514, 45720, 2524
0.4004518, 45750, 2525
0.4002679, 45780, 2526
0.3991587, 45810, 2527
0.4009476, 45840, 2528
0.4022853, 45870, 2529
0.3999083, 45900, 2530
0.4010136, 45930, 2531
0.398421, 45960, 2532
0.4011629, 45990, 2533
0.4026188, 46020, 2534
0.4018145, 46050, 2535
0.4026718, 46080, 2536
0.4045145, 46110, 2537
0.4067638, 46140, 2538
0.4054611, 46170, 2539
0.4066587, 46200, 2540
0.4052402, 46230, 2541
0.4028859, 46260, 2542
0.4023264, 46290, 2543
0.4065255, 46320, 2544
0.4046077, 46350, 2545
0.4036667, 46380, 2546
0.4040209, 46410, 2547
0.4072868, 46440, 2548
0.4084453, 46470, 2549
0.4076667, 46500, 2550
0.4081924, 46530, 2551
0.4094706, 46560, 2552
0.4097572, 46590, 2553
0.4064417, 46620, 2554
0.4077652, 46650, 2555
0.4083349, 46680, 2556
0.4138441, 46710, 2557
0.4120583, 46740, 2558
0.4119021, 46770, 2559
0.4107622, 46800, 2560
0.4145875, 46830, 2561
0.4093242, 46860, 2562
0.4115284, 46890, 2563
0.4135489, 46920, 2564
0.4125134, 46950, 2565
0.4154531, 46980, 2566
0.4156457, 47010, 2567
0.4179554, 47040, 2568
0.4134327, 47070, 2569
0.4167656, 47100, 2570
0.4166005, 47130, 2571
0.4153527, 47160, 2572
0.4186486, 47190, 2573
0.4165643, 47220, 2574
0.4133265, 47250, 2575
0.4180804, 47280, 2576
0.4142552, 47310, 2577
0.4181153, 47340, 2578
0.4176222, 47370, 2579
0.4166971, 47400, 2580
0.4144688, 47430, 2581
0.4163704, 47460, 2582
0.4219547, 47490, 2583
0.4185654, 47520, 2584
0.4223966, 47550, 2585
0.4172063, 47580, 2586
0.4215533, 47610, 2587
0.419615, 47640, 2588
0.4224735, 47670, 2589
0.4193133, 47700, 2590
0.4244692, 47730, 2591
0.4241407, 47760, 2592
0.4216172, 47790, 2593
0.4206949, 47820, 2594
0.4208434, 47850, 2595
0.423867, 47880, 2596
0.4266301, 47910, 2597
0.425384, 47940, 2598
0.4250575, 47970, 2599
0.4231669, 48000, 2600
0.4217506, 48030, 2601
0.4304114, 48060, 2602
0.4213504, 48090, 2603
0.4283069, 48120, 2604
0.4255305, 48150, 2605
0.4270822, 48180, 2606
0.4242661, 48210, 2607
0.4270756, 48240, 2608
0.4287333, 48270, 2609
0.426584, 48300, 2610
0.43345, 48330, 2611
0.4290259, 48360, 2612
0.4294151, 48390, 2613
0.4301621, 48420, 2614
0.430339, 48450, 2615
0.4298158, 48480, 2616
0.4308609, 48510, 2617
0.4280817, 48540, 2618
0.4333848, 48570, 2619
0.4301923, 48600, 2620
0.4345757, 48630, 2621
0.4330419, 48660, 2622
0.4347795, 48690, 2623
0.4370778, 48720, 2624
0.4334484, 48750, 2625
0.4333234, 48780, 2626
0.434513, 48810, 2627
0.438175, 48840, 2628
0.4380504, 48870, 2629
0.4343703, 48900, 2630
0.4346648, 48930, 2631
0.435006, 48960, 2632
0.4385531, 48990, 2633
0.4390842, 49020, 2634
0.4340565, 49050, 2635
0.4407813, 49080, 2636
0.4368584, 49110, 2637
0.440582, 49140, 2638
0.4371932, 49170, 2639
0.4418881, 49200, 2640
0.4403037, 49230, 2641
0.4414556, 49260, 2642
0.4383325, 49290, 2643
0.4449728, 49320, 2644
0.4412146, 49350, 2645
0.4410452, 49380, 2646
0.4411077, 49410, 2647
0.4408254, 49440, 2648
0.4422812, 49470, 2649
0.4421552, 49500, 2650
0.440556, 49530, 2651
0.4481467, 49560, 2652
0.4444204, 49590, 2653
0.4462076, 49620, 2654
0.4461344, 49650, 2655
0.4487114, 49680, 2656
0.4508502, 49710, 2657
0.4510009, 49740, 2658
0.4444918, 49770, 2659
0.4480087, 49800, 2660
0.4424626, 49830, 2661
0.4488221, 49860, 2662
0.4493464, 49890, 2663
0.4496048, 49920, 2664
0.4474365, 49950, 2665
0.4460479, 49980, 2666
0.4500359, 50010, 2667
0.4526647, 50040, 2668
0.4490825, 50070, 2669
0.4511312, 50100, 2670
0.4498065, 50130, 2671
0.44942, 50160, 2672
0.4564032, 50190, 2673
0.4534438, 50220, 2674
0.4561666, 50250, 2675
0.4585698, 50280, 2676
0.4553934, 50310, 2677
0.4527002, 50340, 2678
0.4575073, 50370, 2679
0.4569498, 50400, 2680
0.4558711, 50430, 2681
0.4592712, 50460, 2682
0.4569009, 50490, 2683
0.4569314, 50520, 2684
0.4568169, 50550, 2685
0.4568528, 50580, 2686
0.4569625, 50610, 2687
0.4568031, 50640, 2688
0.4579483, 50670, 2689
0.460659, 50700, 2690
0.4583986, 50730, 2691
0.4614081, 50760, 2692
0.4614291, 50790, 2693
0.4632033, 50820, 2694
0.4609742, 50850, 2695
0.4581726, 50880, 2696
0.4603228, 50910, 2697
0.4637934, 50940, 2698
0.4611524, 50970, 2699
0.4620472, 51000, 2700
0.467593, 51030, 2701
0.4613788, 51060, 2702
0.4611187, 51090, 2703
0.4662115, 51120, 2704
0.4644423, 51150, 2705
0.464623, 51180, 2706
0.468467, 51210, 2707
0.4660429, 51240, 2708
0.4683356, 51270, 2709
0.4656423, 51300, 2710
0.4659401, 51330, 2711
0.4663403, 51360, 2712
0.4695597, 51390, 2713
0.4692164, 51420, 2714
0.4679728, 51450, 2715
0.4692803, 51480, 2716
0.4730725, 51510, 2717
0.4722988, 51540, 2718
0.4728404, 51570, 2719
0.4703078, 51600, 2720
0.4718378, 51630, 2721
0.4742267, 51660, 2722
0.4693201, 51690, 2723
0.4718474, 51720, 2724
0.4711529, 51750, 2725
0.4732916, 51780, 2726
0.4746061, 51810, 2727
0.4764544, 51840, 2728
0.4744772, 51870, 2729
0.4757077, 51900, 2730
0.4778561, 51930, 2731
0.4710091, 51960, 2732
0.4728085, 51990, 2733
0.4784975, 52020, 2734
0.4823184, 52050, 2735
0.4815322, 52080, 2736
0.4759089, 52110, 2737
0.4790481, 52140, 2738
0.480692, 52170, 2739
0.4803063, 52200, 2740
0.4788842, 52230, 2741
0.4818628, 52260, 2742
0.4797545, 52290, 2743
0.4752775, 52320, 2744
0.4883859, 52350, 2745
0.4824343, 52380, 2746
0.4842224, 52410, 2747
0.4848744, 52440, 2748
0.4829673, 52470, 2749
0.4846729, 52500, 2750
0.4813107, 52530, 2751
0.480693, 52560, 2752
0.4875898, 52590, 2753
0.4900255, 52620, 2754
0.483762, 52650, 2755
0.4883353, 52680, 2756
0.4835884, 52710, 2757
0.4907186, 52740, 2758
0.4926186, 52770, 2759
0.4937734, 52800, 2760
0.4882622, 52830, 2761
0.4894837, 52860, 2762
0.4894814, 52890, 2763
0.4944745, 52920, 2764
0.4931624, 52950, 2765
0.4968423, 52980, 2766
0.4979607, 53010, 2767
0.4897405, 53040, 2768
0.4947492, 53070, 2769
0.4936172, 53100, 2770
0.4911955, 53130, 2771
0.4988048, 53160, 2772
0.4952856, 53190, 2773
0.497644, 53220, 2774
0.4963027, 53250, 2775
0.5012193, 53280, 2776
0.4944617, 53310, 2777
0.4960361, 53340, 2778
0.4942987, 53370, 2779
0.501043, 53400, 2780
0.5003109, 53430, 2781
0.4994447, 53460, 2782
0.4974295, 53490, 2783
0.5028525, 53520, 2784
0.4997059, 53550, 2785
0.4989516, 53580, 2786
0.5013509, 53610, 2787
0.4973386, 53640, 2788
0.4985469, 53670, 2789
0.4980349, 53700, 2790
0.5024803, 53730, 2791
0.5036502, 53760, 2792
0.4976657, 53790, 2793
0.4964705, 53820, 2794
0.5041155, 53850, 2795
0.5048692, 53880, 2796
0.5023983, 53910, 2797
0.5040056, 53940, 2798
0.5035168, 53970, 2799
0.5053063, 54000, 2800
0.5067203, 54030, 2801
0.5047154, 54060, 2802
0.5127072, 54090, 2803
0.5088646, 54120, 2804
0.5047124, 54150, 2805
0.5145132, 54180, 2806
0.5071525, 54210, 2807
0.5109109, 54240, 2808
0.5114841, 54270, 2809
0.5102666, 54300, 2810
0.5109496, 54330, 2811
0.512805, 54360, 2812
0.5092576, 54390, 2813
0.5075524, 54420, 2814
0.5124794, 54450, 2815
0.5127324, 54480, 2816
0.5117835, 54510, 2817
0.5163585, 54540, 2818
0.5143214, 54570, 2819
0.5157523, 54600, 2820
0.5135877, 54630, 2821
0.5164811, 54660, 2822
0.5164218, 54690, 2823
0.5140881, 54720, 2824
0.5214603, 54750, 2825
0.5175787, 54780, 2826
0.5199952, 54810, 2827
0.5200117, 54840, 2828
0.5186462, 54870, 2829
0.5211287, 54900, 2830
0.519998, 54930, 2831
0.5228665, 54960, 2832
0.5170341, 54990, 2833
0.5195231, 55020, 2834
0.5190577, 55050, 2835
0.5302639, 55080, 2836
0.5256126, 55110, 2837
0.5215965, 55140, 2838
0.5208587, 55170, 2839
0.5195965, 55200, 2840
0.5237066, 55230, 2841
0.5211839, 55260, 2842
0.5249741, 55290, 2843
0.5265934, 55320, 2844
0.5263185, 55350, 2845
0.523163, 55380, 2846
0.5312743, 55410, 2847
0.5311007, 55440, 2848
0.5320186, 55470, 2849
0.5298143, 55500, 2850
0.5282049, 55530, 2851
0.5297584, 55560, 2852
0.5307692, 55590, 2853
0.5287197, 55620, 2854
0.5302277, 55650, 2855
0.5318167, 55680, 2856
0.5315273, 55710, 2857
0.532053, 55740, 2858
0.5360208, 55770, 2859
0.5337605, 55800, 2860
0.5350595, 55830, 2861
0.5334393, 55860, 2862
0.5334706, 55890, 2863
0.5348873, 55920, 2864
0.5414638, 55950, 2865
0.5353684, 55980, 2866
0.5391317, 56010, 2867
0.5392146, 56040, 2868
0.5396729, 56070, 2869
0.5374086, 56100, 2870
0.5409829, 56130, 2871
0.5398845, 56160, 2872
0.5415141, 56190, 2873
0.5421306, 56220, 2874
0.5385608, 56250, 2875
0.5399751, 56280, 2876
0.5385938, 56310, 2877
0.5437474, 56340, 2878
0.5398333, 56370, 2879
0.5460094, 56400, 2880
0.5447886, 56430, 2881
0.540374, 56460, 2882
0.5449645, 56490, 2883
0.5495917, 56520, 2884
0.5480905, 56550, 2885
0.5457532, 56580, 2886
0.5468701, 56610, 2887
0.548266, 56640, 2888
0.5464903, 56670, 2889
0.5536504, 56700, 2890
0.5463982, 56730, 2891
0.5506538, 56760, 2892
0.5486308, 56790, 2893
0.5479969, 56820, 2894
0.551605, 56850, 2895
0.5452812, 56880, 2896
0.5506038, 56910, 2897
0.5540566, 56940, 2898
0.5553427, 56970, 2899
0.5559967, 57000, 2900
0.5514269, 57030, 2901
0.5571358, 57060, 2902
0.5533735, 57090, 2903
0.5543664, 57120, 2904
0.5556927, 57150, 2905
0.5538794, 57180, 2906
0.5546046, 57210, 2907
0.5625352, 57240, 2908
0.5599057, 57270, 2909
0.5632953, 57300, 2910
0.5665721, 57330, 2911
0.5624052, 57360, 2912
0.5632248, 57390, 2913
0.5603189, 57420, 2914
0.5657532, 57450, 2915
0.5610464, 57480, 2916
0.5724267, 57510, 2917
0.5634421, 57540, 2918
0.5609691, 57570, 2919
0.5648187, 57600, 2920
0.5735068, 57630, 2921
0.5644012, 57660, 2922
0.5686715, 57690, 2923
0.5657544, 57720, 2924
0.5637241, 57750, 2925
0.5691185, 57780, 2926
0.5724454, 57810, 2927
0.564933, 57840, 2928
0.5762648, 57870, 2929
0.5737225, 57900, 2930
0.5751589, 57930, 2931
0.5700193, 57960, 2932
0.5737169, 57990, 2933
0.5757249, 58020, 2934
0.5727242, 58050, 2935
0.578704, 58080, 2936
0.5780716, 58110, 2937
0.5743765, 58140, 2938
0.5827973, 58170, 2939
0.576478, 58200, 2940
0.5819101, 58230, 2941
0.5773544, 58260, 2942
0.5807072, 58290, 2943
0.5821137, 58320, 2944
0.5868263, 58350, 2945
0.5871953, 58380, 2946
0.5821812, 58410, 2947
0.5839158, 58440, 2948
0.5830615, 58470, 2949
0.5859783, 58500, 2950
0.580518, 58530, 2951
0.586896, 58560, 2952
0.5858786, 58590, 2953
0.583661, 58620, 2954
0.5854036, 58650, 2955
0.5843588, 58680, 2956
0.5852362, 58710, 2957
0.5889681, 58740, 2958
0.5914073, 58770, 2959
0.586338, 58800, 2960
0.5941243, 58830, 2961
0.5934862, 58860, 2962
0.588512, 58890, 2963
0.5878036, 58920, 2964
0.5916016, 58950, 2965
0.5854978, 58980, 2966
0.5955961, 59010, 2967
0.5901902, 59040, 2968
0.5899537, 59070, 2969
0.5989869, 59100, 2970
0.596859, 59130, 2971
0.5936779, 59160, 2972
0.5992057, 59190, 2973
0.5944695, 59220, 2974
0.5979762, 59250, 2975
0.6012669, 59280, 2976
0.60502, 59310, 2977
0.5990227, 59340, 2978
0.6033001, 59370, 2979
0.5997172, 59400, 2980
0.6027858, 59430, 2981
0.6052479, 59460, 2982
0.5984996, 59490, 2983
0.5977714, 59520, 2984
0.6025896, 59550, 2985
0.6013826, 59580, 2986
0.6034062, 59610, 2987
0.5983937, 59640, 2988
0.6027883, 59670, 2989
0.608953, 59700, 2990
0.6103507, 59730, 2991
0.6088963, 59760, 2992
0.6088629, 59790, 2993
0.6086664, 59820, 2994
0.610619, 59850, 2995
0.6071897, 59880, 2996
0.6080556, 59910, 2997
0.6123562, 59940, 2998
0.6109404, 59970, 2999
0.610868, 60000, 3000
0.6181433, 60030, 3001
0.611152, 60060, 3002
0.616593, 60090, 3003
0.6131371, 60120, 3004
0.6115596, 60150, 3005
0.6082093, 60180, 3006
0.6153516, 60210, 3007
0.6153052, 60240, 3008
0.6153358, 60270, 3009
0.616406, 60300, 3010
0.6131804, 60330, 3011
0.6160486, 60360, 3012
0.6177794, 60390, 3013
0.6237841, 60420, 3014
0.6232309, 60450, 3015
0.6275702, 60480, 3016
0.619731, 60510, 3017
0.6213359, 60540, 3018
0.6258121, 60570, 3019
0.6239109, 60600, 3020
0.625286, 60630, 3021
0.6320122, 60660, 3022
0.6249545, 60690, 3023
0.6241157, 60720, 3024
0.6199981, 60750, 3025
0.6310884, 60780, 3026
0.6227033, 60810, 3027
0.6248101, 60840, 3028
0.6271803, 60870, 3029
0.626544, 60900, 3030
0.6248173, 60930, 3031
0.6218577, 60960, 3032
0.6322898, 60990, 3033
0.6319537, 61020, 3034
0.6340238, 61050, 3035
0.6240109, 61080, 3036
0.6314509, 61110, 3037
0.6400175, 61140, 3038
0.6330184, 61170, 3039
0.6339027, 61200, 3040
0.6426234, 61230, 3041
0.6358222, 61260, 3042
0.637525, 61290, 3043
0.627775, 61320, 3044
0.6342959, 61350, 3045
0.6338335, 61380, 3046
0.6346182, 61410, 3047
0.6366771, 61440, 3048
0.6431189, 61470, 3049
0.63698, 61500, 3050
0.644192, 61530, 3051
0.6384531, 61560, 3052
0.6434102, 61590, 3053
0.6418321, 61620, 3054
0.6357578, 61650, 3055
0.6393262, 61680, 3056
0.6454561, 61710, 3057
0.648726, 61740, 3058
0.652493, 61770, 3059
0.6491763, 61800, 3060
0.6474829, 61830, 3061
0.652815, 61860, 3062
0.6462286, 61890, 3063
0.6501985, 61920, 3064
0.6498785, 61950, 3065
0.6549286, 61980, 3066
0.6487828, 62010, 3067
0.651475, 62040, 3068
0.6625807, 62070, 3069
0.6507274, 62100, 3070
0.6540606, 62130, 3071
0.658743, 62160, 3072
0.6579416, 62190, 3073
0.6543471, 62220, 3074
0.6528731, 62250, 3075
0.6547211, 62280, 3076
0.6584951, 62310, 3077
0.6610188, 62340, 3078
0.6611047, 62370, 3079
0.6584844, 62400, 3080
0.6639399, 62430, 3081
0.6624851, 62460, 3082
0.661665, 62490, 3083
0.6552663, 62520, 3084
0.6618934, 62550, 3085
0.6639695, 62580, 3086
0.661771, 62610, 3087
0.6669601, 62640, 3088
0.6604754, 62670, 3089
0.667058, 62700, 3090
0.6677838, 62730, 3091
0.6685746, 62760, 3092
0.6713078, 62790, 3093
0.6687685, 62820, 3094
0.6673242, 62850, 3095
0.6770858, 62880, 3096
0.6702158, 62910, 3097
0.6699299, 62940, 3098
0.6714687, 62970, 3099
0.6716169, 63000, 3100
0.6752794, 63030, 3101
0.677967, 63060, 3102
0.6732038, 63090, 3103
0.6771821, 63120, 3104
0.6706255, 63150, 3105
0.6862466, 63180, 3106
0.6758904, 63210, 3107
0.682976, 63240, 3108
0.6805128, 63270, 3109
0.6817104, 63300, 3110
0.6844075, 63330, 3111
0.6838466, 63360, 3112
0.6835977, 63390, 3113
0.6811167, 63420, 3114
0.6882068, 63450, 3115
0.6911645, 63480, 3116
0.6797066, 63510, 3117
0.688453, 63540, 3118
0.6867013, 63570, 3119
0.6909404, 63600, 3120
0.6859351, 63630, 3121
0.6868876, 63660, 3122
0.6873688, 63690, 3123
0.6853595, 63720, 3124
0.6938722, 63750, 3125
0.6993155, 63780, 3126
0.6920519, 63810, 3127
0.6983712, 63840, 3128
0.6990457, 63870, 3129
0.6941901, 63900, 3130
0.6993045, 63930, 3131
0.6990289, 63960, 3132
0.7029382, 63990, 3133
0.6950749, 64020, 3134
0.6971877, 64050, 3135
0.7024478, 64080, 3136
0.6998015, 64110, 3137
0.7043562, 64140, 3138
0.7000989, 64170, 3139
0.7062474, 64200, 3140
0.7017185, 64230, 3141
0.7068006, 64260, 3142
0.7102017, 64290, 3143
0.7084808, 64320, 3144
0.7084375, 64350, 3145
0.7064551, 64380, 3146
0.7056312, 64410, 3147
0.7099627, 64440, 3148
0.7053699, 64470, 3149
0.7147975, 64500, 3150
0.720354, 64530, 3151
0.7136756, 64560, 3152
0.7213738, 64590, 3153
0.7114025, 64620, 3154
0.7150574, 64650, 3155
0.7160248, 64680, 3156
0.7155741, 64710, 3157
0.7163499, 64740, 3158
0.7130752, 64770, 3159
0.7176864, 64800, 3160
0.7228106, 64830, 3161
0.7249072, 64860, 3162
0.7218017, 64890, 3163
0.7187763, 64920, 3164
0.7177486, 64950, 3165
0.7242722, 64980, 3166
0.7224571, 65010, 3167
0.7230674, 65040, 3168
0.722873, 65070, 3169
0.7246563, 65100, 3170
0.7263725, 65130, 3171
0.7242363, 65160, 3172
0.7246263, 65190, 3173
0.7302581, 65220, 3174
0.7205414, 65250, 3175
0.7137152, 65280, 3176
0.7340066, 65310, 3177
0.7287163, 65340, 3178
0.7296922, 65370, 3179
0.7345695, 65400, 3180
0.7336699, 65430, 3181
0.738118, 65460, 3182
0.7346432, 65490, 3183
0.7401996, 65520, 3184
0.7357647, 65550, 3185
0.7392178, 65580, 3186
0.7404635, 65610, 3187
0.7506165, 65640, 3188
0.7364292, 65670, 3189
0.7397237, 65700, 3190
0.7421252, 65730, 3191
0.7433546, 65760, 3192
0.7494905, 65790, 3193
0.7483768, 65820, 3194
0.7413858, 65850, 3195
0.7457012, 65880, 3196
0.7509735, 65910, 3197
0.74726, 65940, 3198
0.7493301, 65970, 3199
0.7399987, 66000, 3200
0.7455933, 66030, 3201
0.7508166, 66060, 3202
0.7486295, 66090, 3203
0.7497868, 66120, 3204
0.7484731, 66150, 3205
0.7570508, 66180, 3206
0.7534565, 66210, 3207
0.7465919, 66240, 3208
0.7527899, 66270, 3209
0.7550167, 66300, 3210
0.7594859, 66330, 3211
0.7591233, 66360, 3212
0.753149, 66390, 3213
0.7504017, 66420, 3214
0.7601845, 66450, 3215
0.7661263, 66480, 3216
0.7617214, 66510, 3217
0.7691401, 66540, 3218
0.7581831, 66570, 3219
0.7620432, 66600, 3220
0.7673078, 66630, 3221
0.7626567, 66660, 3222
0.7593175, 66690, 3223
0.7592578, 66720, 3224
0.7708769, 66750, 3225
0.7725303, 66780, 3226
0.7730045, 66810, 3227
0.7668134, 66840, 3228
0.7662568, 66870, 3229
0.7712842, 66900, 3230
0.7651654, 66930, 3231
0.7735295, 66960, 3232
0.7683465, 66990, 3233
0.7814016, 67020, 3234
0.7790956, 67050, 3235
0.7773653, 67080, 3236
0.7772813, 67110, 3237
0.7759188, 67140, 3238
0.7779594, 67170, 3239
0.7764874, 67200, 3240
0.7802753, 67230, 3241
0.7810948, 67260, 3242
0.7842029, 67290, 3243
0.791295, 67320, 3244
0.792436, 67350, 3245
0.7892231, 67380, 3246
0.7948382, 67410, 3247
0.7893573, 67440, 3248
0.7946336, 67470, 3249
0.7902212, 67500, 3250
0.7937734, 67530, 3251
0.7894322, 67560, 3252
0.7906672, 67590, 3253
0.7867565, 67620, 3254
0.7924573, 67650, 3255
0.7911215, 67680, 3256
0.7870762, 67710, 3257
0.7910028, 67740, 3258
0.786268, 67770, 3259
0.7966293, 67800, 3260
0.7957658, 67830, 3261
0.7979084, 67860, 3262
0.7947803, 67890, 3263
0.7921439, 67920, 3264
0.7958315, 67950, 3265
0.788879, 67980, 3266
0.7866046, 68010, 3267
0.7981145, 68040, 3268
0.8014442, 68070, 3269
0.8065371, 68100, 3270
0.8111574, 68130, 3271
0.8048802, 68160, 3272
0.7987683, 68190, 3273
0.8054971, 68220, 3274
0.8021271, 68250, 3275
0.8059607, 68280, 3276
0.803548, 68310, 3277
0.8031283, 68340, 3278
0.8062614, 68370, 3279
0.8152553, 68400, 3280
0.8088777, 68430, 3281
0.8151091, 68460, 3282
0.8159205, 68490, 3283
0.8039198, 68520, 3284
0.8135459, 68550, 3285
0.8215508, 68580, 3286
0.8143515, 68610, 3287
0.8209534, 68640, 3288
0.8160382, 68670, 3289
0.8229927, 68700, 3290
0.8176984, 68730, 3291
0.8211168, 68760, 3292
0.8157754, 68790, 3293
0.8216684, 68820, 3294
0.8226444, 68850, 3295
0.8245975, 68880, 3296
0.8224055, 68910, 3297
0.8256814, 68940, 3298
0.8280803, 68970, 3299
0.8226216, 69000, 3300
0.8301907, 69030, 3301
0.8361577, 69060, 3302
0.8317529, 69090, 3303
0.8343857, 69120, 3304
0.8305609, 69150, 3305
0.8325871, 69180, 3306
0.8353597, 69210, 3307
0.8282238, 69240, 3308
0.8299395, 69270, 3309
0.8330124, 69300, 3310
0.8357325, 69330, 3311
0.8333543, 69360, 3312
0.8373627, 69390, 3313
0.8367313, 69420, 3314
0.8436073, 69450, 3315
0.8480762, 69480, 3316
0.8374592, 69510, 3317
0.8489591, 69540, 3318
0.8442107, 69570, 3319
0.8396138, 69600, 3320
0.8521029, 69630, 3321
0.8497659, 69660, 3322
0.8455552, 69690, 3323
0.8475482, 69720, 3324
0.8446711, 69750, 3325
0.8440773, 69780, 3326
0.8473732, 69810, 3327
0.8495139, 69840, 3328
0.8475979, 69870, 3329
0.8561741, 69900, 3330
0.8543538, 69930, 3331
0.8526585, 69960, 3332
0.8501816, 69990, 3333
0.855874, 70020, 3334
0.8593716, 70050, 3335
0.8630642, 70080, 3336
0.8636591, 70110, 3337
0.8524391, 70140, 3338
0.856907, 70170, 3339
0.8568909, 70200, 3340
0.8660776, 70230, 3341
0.8608962, 70260, 3342
0.8600711, 70290, 3343
0.8706257, 70320, 3344
0.8624751, 70350, 3345
0.867444, 70380, 3346
0.8678696, 70410, 3347
0.8606789, 70440, 3348
0.8680022, 70470, 3349
0.8609107, 70500, 3350
0.8684276, 70530, 3351
0.8660591, 70560, 3352
0.866257, 70590, 3353
0.8716698, 70620, 3354
0.8727752, 70650, 3355
0.8682567, 70680, 3356
0.8702588, 70710, 3357
0.8761966, 70740, 3358
0.8712904, 70770, 3359
0.8761561, 70800, 3360
0.8746488, 70830, 3361
0.8761032, 70860, 3362
0.88192, 70890, 3363
0.8787194, 70920, 3364
0.8864011, 70950, 3365
0.8850471, 70980, 3366
0.8885018, 71010, 3367
0.8906672, 71040, 3368
0.8788957, 71070, 3369
0.8820389, 71100, 3370
0.8820478, 71130, 3371
0.8792799, 71160, 3372
0.8819313, 71190, 3373
0.885629, 71220, 3374
0.8940938, 71250, 3375
0.8865921, 71280, 3376
0.8923115, 71310, 3377
0.8906163, 71340, 3378
0.892345, 71370, 3379
0.8920796, 71400, 3380
0.890177, 71430, 3381
0.8886829, 71460, 3382
0.892927, 71490, 3383
0.893559, 71520, 3384
0.8989345, 71550, 3385
0.8949535, 71580, 3386
0.8947704, 71610, 3387
0.9027661, 71640, 3388
0.904211, 71670, 3389
0.8992337, 71700, 3390
0.8984709, 71730, 3391
0.9060075, 71760, 3392
0.9025128, 71790, 3393
0.9063305, 71820, 3394
0.9156257, 71850, 3395
0.9045599, 71880, 3396
0.9091082, 71910, 3397
0.9094438, 71940, 3398
0.9110891, 71970, 3399
0.9137304, 72000, 3400
0.9179129, 72030, 3401
0.9175096, 72060, 3402
0.9152238, 72090, 3403
0.9208052, 72120, 3404
0.9261129, 72150, 3405
0.9206714, 72180, 3406
0.9165518, 72210, 3407
0.9222274, 72240, 3408
0.9183145, 72270, 3409
0.9199922, 72300, 3410
0.9183672, 72330, 3411
0.9203937, 72360, 3412
0.9252552, 72390, 3413
0.920612, 72420, 3414
0.9227136, 72450, 3415
0.923753, 72480, 3416
0.9295805, 72510, 3417
0.9288592, 72540, 3418
0.9310844, 72570, 3419
0.9316885, 72600, 3420
0.9294957, 72630, 3421
0.9369355, 72660, 3422
0.9346758, 72690, 3423
0.9238677, 72720, 3424
0.9281237, 72750, 3425
0.9321452, 72780, 3426
0.9297404, 72810, 3427
0.9294851, 72840, 3428
0.9334806, 72870, 3429
0.9355018, 72900, 3430
0.9376369, 72930, 3431
0.9405869, 72960, 3432
0.9395357, 72990, 3433
0.9420461, 73020, 3434
0.9407352, 73050, 3435
0.9393105, 73080, 3436
0.9416638, 73110, 3437
0.9407503, 73140, 3438
0.9391883, 73170, 3439
0.9408104, 73200, 3440
0.945521, 73230, 3441
0.9416342, 73260, 3442
0.9466952, 73290, 3443
0.9483797, 73320, 3444
0.9488114, 73350, 3445
0.945273, 73380, 3446
0.9471289, 73410, 3447
0.9511126, 73440, 3448
0.9544763, 73470, 3449
0.9535598, 73500, 3450
0.9528102, 73530, 3451
0.9657272, 73560, 3452
0.9604799, 73590, 3453
0.9530319, 73620, 3454
0.957407, 73650, 3455
0.9585922, 73680, 3456
0.95957, 73710, 3457
0.9607695, 73740, 3458
0.9625677, 73770, 3459
0.9590038, 73800, 3460
0.9607297, 73830, 3461
0.9626113, 73860, 3462
0.9621695, 73890, 3463
0.9609174, 73920, 3464
0.9677988, 73950, 3465
0.9739555, 73980, 3466
0.960093, 74010, 3467
0.9663934, 74040, 3468
0.9752739, 74070, 3469
0.9772146, 74100, 3470
0.9771396, 74130, 3471
0.9701177, 74160, 3472
0.9699632, 74190, 3473
0.9739395, 74220, 3474
0.9752959, 74250, 3475
0.9662846, 74280, 3476
0.9797779, 74310, 3477
0.9793029, 74340, 3478
0.9793783, 74370, 3479
0.984264, 74400, 3480
0.9789722, 74430, 3481
0.9842489, 74460, 3482
0.9874748, 74490, 3483
0.9852375, 74520, 3484
0.9867987, 74550, 3485
0.9888666, 74580, 3486
0.977482, 74610, 3487
0.9851038, 74640, 3488
0.9820566, 74670, 3489
0.9846423, 74700, 3490
0.9798587, 74730, 3491
0.9831693, 74760, 3492
0.9862002, 74790, 3493
0.9878126, 74820, 3494
0.9946445, 74850, 3495
0.9925163, 74880, 3496
0.9876453, 74910, 3497
0.9952505, 74940, 3498
1.001068, 74970, 3499
0.9974881, 75000, 3500
0.9979501, 75030, 3501
0.9946577, 75060, 3502
0.9942371, 75090, 3503
0.9963141, 75120, 3504
1.004721, 75150, 3505
1.002053, 75180, 3506
1.000754, 75210, 3507
1.009348, 75240, 3508
1.012563, 75270, 3509
1.009676, 75300, 3510
1.007923, 75330, 3511
1.00123, 75360, 3512
1.000467, 75390, 3513
1.007764, 75420, 3514
1.009954, 75450, 3515
1.014645, 75480, 3516
1.014057, 75510, 3517
1.022041, 75540, 3518
1.019872, 75570, 3519
1.016996, 75600, 3520
1.022839, 75630, 3521
1.017509, 75660, 3522
1.018789, 75690, 3523
1.022275, 75720, 3524
1.020064, 75750, 3525
1.013858, 75780, 3526
1.024688, 75810, 3527
1.01611, 75840, 3528
1.0157, 75870, 3529
1.026433, 75900, 3530
1.026918, 75930, 3531
1.028905, 75960, 3532
1.031261, 75990, 3533
1.025576, 76020, 3534
1.027749, 76050, 3535
1.036206, 76080, 3536
1.030686, 76110, 3537
1.037128, 76140, 3538
1.032338, 76170, 3539
1.032276, 76200, 3540
1.041851, 76230, 3541
1.042842, 76260, 3542
1.034832, 76290, 3543
1.030193, 76320, 3544
1.037267, 76350, 3545
1.047275, 76380, 3546
1.033954, 76410, 3547
1.035022, 76440, 3548
1.045804, 76470, 3549
1.038862, 76500, 3550
1.043526, 76530, 3551
1.04298, 76560, 3552
1.042012, 76590, 3553
1.046365, 76620, 3554
1.041946, 76650, 3555
1.038913, 76680, 3556
1.040148, 76710, 3557
1.040824, 76740, 3558
1.051147, 76770, 3559
1.053269, 76800, 3560
1.055971, 76830, 3561
1.043578, 76860, 3562
1.046182, 76890, 3563
1.052269, 76920, 3564
1.047889, 76950, 3565
1.050278, 76980, 3566
1.053785, 77010, 3567
1.057013, 77040, 3568
1.056148, 77070, 3569
1.060154, 77100, 3570
1.054301, 77130, 3571
1.052448, 77160, 3572
1.059003, 77190, 3573
1.058872, 77220, 3574
1.057084, 77250, 3575
1.05647, 77280, 3576
1.060305, 77310, 3577
1.054471, 77340, 3578
1.069584, 77370, 3579
1.068959, 77400, 3580
1.071725, 77430, 3581
1.063604, 77460, 3582
1.067764, 77490, 3583
1.056719, 77520, 3584
1.057813, 77550, 3585
1.075168, 77580, 3586
1.063933, 77610, 3587
1.066852, 77640, 3588
1.069008, 77670, 3589
1.067211, 77700, 3590
1.066292, 77730, 3591
1.072084, 77760, 3592
1.077057, 77790, 3593
1.071308, 77820, 3594
1.081899, 77850, 3595
1.080881, 77880, 3596
1.071488, 77910, 3597
1.076719, 77940, 3598
1.074454, 77970, 3599
1.073065, 78000, 3600
1.081536, 78030, 3601
1.081602, 78060, 3602
