0.2655571, 0, 1000
0.2685851, 30, 1001
0.2690641, 60, 1002
0.2693788, 90, 1003
0.2704512, 120, 1004
0.2713395, 150, 1005
0.2702692, 180, 1006
0.2700109, 210, 1007
0.2688741, 240, 1008
0.2686585, 270, 1009
0.2686737, 300, 1010
0.2681007, 330, 1011
0.2676084, 360, 1012
0.267052, 390, 1013
0.2684684, 420, 1014
0.2690993, 450, 1015
0.2678421, 480, 1016
0.2683247, 510, 1017
0.2687273, 540, 1018
0.2694314, 570, 1019
0.2681441, 600, 1020
0.267305, 630, 1021
0.2681113, 660, 1022
0.2680323, 690, 1023
0.2667605, 720, 1024
0.2667969, 750, 1025
0.2669384, 780, 1026
0.26699, 810, 1027
0.2668372, 840, 1028
0.2663969, 870, 1029
0.2667799, 900, 1030
0.2666807, 930, 1031
0.2675976, 960, 1032
0.2671851, 990, 1033
0.2671387, 1020, 1034
0.2667224, 1050, 1035
0.266181, 1080, 1036
0.2663692, 1110, 1037
0.2659885, 1140, 1038
0.266119, 1170, 1039
0.2666644, 1200, 1040
0.2661321, 1230, 1041
0.2656187, 1260, 1042
0.2659735, 1290, 1043
0.2662951, 1320, 1044
0.2657306, 1350, 1045
0.2663262, 1380, 1046
0.265959, 1410, 1047
0.2660737, 1440, 1048
0.2664155, 1470, 1049
0.2661864, 1500, 1050
0.2658187, 1530, 1051
0.266036, 1560, 1052
0.2661665, 1590, 1053
0.2658617, 1620, 1054
0.2659101, 1650, 1055
0.2664815, 1680, 1056
0.2663327, 1710, 1057
0.2659309, 1740, 1058
0.2659248, 1770, 1059
0.2659916, 1800, 1060
0.2660047, 1830, 1061
0.2656958, 1860, 1062
0.2657181, 1890, 1063
0.2658201, 1920, 1064
0.2658763, 1950, 1065
0.2662134, 1980, 1066
0.2657106, 2010, 1067
0.2658388, 2040, 1068
0.2660928, 2070, 1069
0.2656125, 2100, 1070
0.2653542, 2130, 1071
0.2659141, 2160, 1072
0.2656416, 2190, 1073
0.2656433, 2220, 1074
0.2657025, 2250, 1075
0.2663981, 2280, 1076
0.2654914, 2310, 1077
0.2654854, 2340, 1078
0.2654132, 2370, 1079
0.2655923, 2400, 1080
0.265093, 2430, 1081
0.2660479, 2460, 1082
0.2657752, 2490, 1083
0.265776, 2520, 1084
0.2655298, 2550, 1085
0.2658682, 2580, 1086
0.2658074, 2610, 1087
0.2653718, 2640, 1088
0.2656744, 2670, 1089
0.2656792, 2700, 1090
0.2656963, 2730, 1091
0.265672, 2760, 1092
0.265408, 2790, 1093
0.2654721, 2820, 1094
0.2655624, 2850, 1095
0.2656789, 2880, 1096
0.2654949, 2910, 1097
0.2662208, 2940, 1098
0.265986, 2970, 1099
0.2652942, 3000, 1100
0.2658074, 3030, 1101
0.2657861, 3060, 1102
0.2657727, 3090, 1103
0.2657941, 3120, 1104
0.2660264, 3150, 1105
0.2660011, 3180, 1106
0.2657249, 3210, 1107
0.2656365, 3240, 1108
0.2657834, 3270, 1109
0.2655258, 3300, 1110
0.2660704, 3330, 1111
0.2654099, 3360, 1112
0.2654873, 3390, 1113
0.265729, 3420, 1114
0.2652329, 3450, 1115
0.2653582, 3480, 1116
0.2654129, 3510, 1117
0.2655842, 3540, 1118
0.2654977, 3570, 1119
0.2651057, 3600, 1120
0.2647526, 3630, 1121
0.265212, 3660, 1122
0.2655537, 3690, 1123
0.2653406, 3720, 1124
0.2655712, 3750, 1125
0.2652222, 3780, 1126
0.2651305, 3810, 1127
0.2648291, 3840, 1128
0.2654005, 3870, 1129
0.2651437, 3900, 1130
0.2655773, 3930, 1131
0.2654727, 3960, 1132
0.2650323, 3990, 1133
0.2650714, 4020, 1134
0.2650552, 4050, 1135
0.2647691, 4080, 1136
0.2653785, 4110, 1137
0.2653756, 4140, 1138
0.2655038, 4170, 1139
0.2654032, 4200, 1140
0.2645939, 4230, 1141
0.2648139, 4260, 1142
0.2650727, 4290, 1143
0.2652732, 4320, 1144
0.2650947, 4350, 1145
0.2649889, 4380, 1146
0.264734, 4410, 1147
0.2649751, 4440, 1148
0.2648196, 4470, 1149
0.2646687, 4500, 1150
0.2649502, 4530, 1151
0.265151, 4560, 1152
0.2648349, 4590, 1153
0.2654801, 4620, 1154
0.2650592, 4650, 1155
0.2649623, 4680, 1156
0.2645681, 4710, 1157
0.2650977, 4740, 1158
0.2652754, 4770, 1159
0.2653572, 4800, 1160
0.2653232, 4830, 1161
0.2653786, 4860, 1162
0.2652318, 4890, 1163
0.2648267, 4920, 1164
0.2648509, 4950, 1165
0.2652149, 4980, 1166
0.2650401, 5010, 1167
0.2651334, 5040, 1168
0.2645388, 5070, 1169
0.264674, 5100, 1170
0.2650322, 5130, 1171
0.26473, 5160, 1172
0.2648833, 5190, 1173
0.2651188, 5220, 1174
0.265332, 5250, 1175
0.2649727, 5280, 1176
0.2648971, 5310, 1177
0.2648021, 5340, 1178
0.2647662, 5370, 1179
0.2648311, 5400, 1180
0.2657249, 5430, 1181
0.265199, 5460, 1182
0.2647634, 5490, 1183
0.2646188, 5520, 1184
0.2652575, 5550, 1185
0.2656018, 5580, 1186
0.2650231, 5610, 1187
0.2653195, 5640, 1188
0.2648183, 5670, 1189
0.2650745, 5700, 1190
0.2647306, 5730, 1191
0.265158, 5760, 1192
0.2650249, 5790, 1193
0.2654303, 5820, 1194
0.2648425, 5850, 1195
0.2655945, 5880, 1196
0.2659583, 5910, 1197
0.2653345, 5940, 1198
0.2654833, 5970, 1199
0.2655208, 6000, 1200
0.2651327, 6030, 1201
0.2654059, 6060, 1202
0.2649451, 6090, 1203
0.2650465, 6120, 1204
0.265615, 6150, 1205
0.2654684, 6180, 1206
0.2656295, 6210, 1207
0.2658373, 6240, 1208
0.266033, 6270, 1209
0.2652424, 6300, 1210
0.265775, 6330, 1211
0.2655474, 6360, 1212
0.2654705, 6390, 1213
0.2657447, 6420, 1214
0.265383, 6450, 1215
0.2662125, 6480, 1216
0.2662737, 6510, 1217
0.26585, 6540, 1218
0.2660203, 6570, 1219
0.26633, 6600, 1220
0.2666061, 6630, 1221
0.2664827, 6660, 1222
0.2658963, 6690, 1223
0.2664467, 6720, 1224
0.2659547, 6750, 1225
0.2661815, 6780, 1226
0.2659778, 6810, 1227
0.2661328, 6840, 1228
0.2661633, 6870, 1229
0.2662842, 6900, 1230
0.2664696, 6930, 1231
0.2666012, 6960, 1232
0.2670419, 6990, 1233
0.2662026, 7020, 1234
0.266166, 7050, 1235
0.2668755, 7080, 1236
0.2669528, 7110, 1237
0.2668185, 7140, 1238
0.2669132, 7170, 1239
0.2667189, 7200, 1240
0.2668015, 7230, 1241
0.2670488, 7260, 1242
0.2670013, 7290, 1243
0.2666924, 7320, 1244
0.2668878, 7350, 1245
0.2671854, 7380, 1246
0.267159, 7410, 1247
0.2673485, 7440, 1248
0.2673022, 7470, 1249
0.2680161, 7500, 1250
0.267153, 7530, 1251
0.267716, 7560, 1252
0.2670958, 7590, 1253
0.2672174, 7620, 1254
0.2675568, 7650, 1255
0.2681238, 7680, 1256
0.2679996, 7710, 1257
0.2674998, 7740, 1258
0.2677474, 7770, 1259
0.2674803, 7800, 1260
0.2681217, 7830, 1261
0.2677961, 7860, 1262
0.2677917, 7890, 1263
0.2679263, 7920, 1264
0.2680136, 7950, 1265
0.2684121, 7980, 1266
0.2683294, 8010, 1267
0.268095, 8040, 1268
0.2682189, 8070, 1269
0.2686102, 8100, 1270
0.2689266, 8130, 1271
0.2692501, 8160, 1272
0.2692271, 8190, 1273
0.2686114, 8220, 1274
0.2687638, 8250, 1275
0.26915, 8280, 1276
0.2695431, 8310, 1277
0.2691724, 8340, 1278
0.2694119, 8370, 1279
0.2686732, 8400, 1280
0.2689978, 8430, 1281
0.2696419, 8460, 1282
0.2694829, 8490, 1283
0.2694813, 8520, 1284
0.2696281, 8550, 1285
0.2696379, 8580, 1286
0.2699119, 8610, 1287
0.2703438, 8640, 1288
0.2697657, 8670, 1289
0.2697477, 8700, 1290
0.2696249, 8730, 1291
0.2700637, 8760, 1292
0.2702265, 8790, 1293
0.2700448, 8820, 1294
0.2704386, 8850, 1295
0.2699824, 8880, 1296
0.2700968, 8910, 1297
0.270008, 8940, 1298
0.2698344, 8970, 1299
0.2698105, 9000, 1300
0.2705564, 9030, 1301
0.2699713, 9060, 1302
0.270296, 9090, 1303
0.2702455, 9120, 1304
0.2701754, 9150, 1305
0.2704826, 9180, 1306
0.2708517, 9210, 1307
0.2707295, 9240, 1308
0.2716492, 9270, 1309
0.2705486, 9300, 1310
0.2712283, 9330, 1311
0.2711727, 9360, 1312
0.2708086, 9390, 1313
0.271127, 9420, 1314
0.2710935, 9450, 1315
0.2710328, 9480, 1316
0.2713442, 9510, 1317
0.2709817, 9540, 1318
0.271211, 9570, 1319
0.2711067, 9600, 1320
0.2713542, 9630, 1321
0.2711437, 9660, 1322
0.2712083, 9690, 1323
0.2759733, 9720, 1324
0.2749242, 9750, 1325
0.277732, 9780, 1326
0.2765621, 9810, 1327
0.2769542, 9840, 1328
0.2797454, 9870, 1329
0.2809717, 9900, 1330
0.2801316, 9930, 1331
0.2779301, 9960, 1332
0.2771435, 9990, 1333
0.2766213, 10020, 1334
0.2771712, 10050, 1335
0.276902, 10080, 1336
0.2772262, 10110, 1337
0.2774684, 10140, 1338
0.2775716, 10170, 1339
0.2813435, 10200, 1340
0.2847266, 10230, 1341
0.2843958, 10260, 1342
0.2842471, 10290, 1343
0.2838953, 10320, 1344
0.2839149, 10350, 1345
0.2840922, 10380, 1346
0.2835881, 10410, 1347
0.2840365, 10440, 1348
0.2837747, 10470, 1349
0.2837353, 10500, 1350
0.2845192, 10530, 1351
0.2839339, 10560, 1352
0.2836566, 10590, 1353
0.283961, 10620, 1354
0.2844105, 10650, 1355
0.2844695, 10680, 1356
0.2836255, 10710, 1357
0.2841786, 10740, 1358
0.2837493, 10770, 1359
0.2844591, 10800, 1360
0.2842697, 10830, 1361
0.2848943, 10860, 1362
0.2842031, 10890, 1363
0.2850222, 10920, 1364
0.2841186, 10950, 1365
0.2837272, 10980, 1366
0.2837499, 11010, 1367
0.2842901, 11040, 1368
0.2835129, 11070, 1369
0.2830421, 11100, 1370
0.2835031, 11130, 1371
0.282919, 11160, 1372
0.283127, 11190, 1373
0.2827743, 11220, 1374
0.2831669, 11250, 1375
0.2838013, 11280, 1376
0.2828293, 11310, 1377
0.2790022, 11340, 1378
0.2785528, 11370, 1379
0.278094, 11400, 1380
0.2781374, 11430, 1381
0.2781415, 11460, 1382
0.2785686, 11490, 1383
0.2783954, 11520, 1384
0.2789006, 11550, 1385
0.2785943, 11580, 1386
0.2794631, 11610, 1387
0.2790863, 11640, 1388
0.2787388, 11670, 1389
0.2785504, 11700, 1390
0.2786727, 11730, 1391
0.2788541, 11760, 1392
0.2795513, 11790, 1393
0.2798161, 11820, 1394
0.2786519, 11850, 1395
0.2801692, 11880, 1396
0.279509, 11910, 1397
0.2794744, 11940, 1398
0.2795095, 11970, 1399
0.279816, 12000, 1400
0.2799937, 12030, 1401
0.279814, 12060, 1402
0.2798016, 12090, 1403
0.2804413, 12120, 1404
0.2805664, 12150, 1405
0.2795467, 12180, 1406
0.2797413, 12210, 1407
0.2801733, 12240, 1408
0.2800706, 12270, 1409
0.2800773, 12300, 1410
0.2799721, 12330, 1411
0.2800066, 12360, 1412
0.2799387, 12390, 1413
0.2810259, 12420, 1414
0.2797999, 12450, 1415
0.2801969, 12480, 1416
0.2803209, 12510, 1417
0.2790446, 12540, 1418
0.2748846, 12570, 1419
0.2745818, 12600, 1420
0.274961, 12630, 1421
0.2748099, 12660, 1422
0.2748704, 12690, 1423
0.2756847, 12720, 1424
0.2747764, 12750, 1425
0.275265, 12780, 1426
0.2755714, 12810, 1427
0.2749076, 12840, 1428
0.2749111, 12870, 1429
0.2752968, 12900, 1430
0.2753033, 12930, 1431
0.2762721, 12960, 1432
0.2746674, 12990, 1433
0.2761511, 13020, 1434
0.275932, 13050, 1435
0.2758529, 13080, 1436
0.2767252, 13110, 1437
0.2754363, 13140, 1438
0.2757998, 13170, 1439
0.2756842, 13200, 1440
0.2753768, 13230, 1441
0.2756814, 13260, 1442
0.2757215, 13290, 1443
0.2760121, 13320, 1444
0.2753527, 13350, 1445
0.2753637, 13380, 1446
0.2755703, 13410, 1447
0.2759439, 13440, 1448
0.2758122, 13470, 1449
0.2763132, 13500, 1450
0.2761968, 13530, 1451
0.2760637, 13560, 1452
0.2758746, 13590, 1453
0.276545, 13620, 1454
0.276701, 13650, 1455
0.2759342, 13680, 1456
0.2767576, 13710, 1457
0.2764828, 13740, 1458
0.2768736, 13770, 1459
0.2767744, 13800, 1460
0.2779508, 13830, 1461
0.2772993, 13860, 1462
0.2769866, 13890, 1463
0.2769107, 13920, 1464
0.276848, 13950, 1465
0.2769827, 13980, 1466
0.2765375, 14010, 1467
0.2770612, 14040, 1468
0.2782537, 14070, 1469
0.2780698, 14100, 1470
0.2774858, 14130, 1471
0.2765185, 14160, 1472
0.2775379, 14190, 1473
0.2772391, 14220, 1474
0.2782692, 14250, 1475
0.2775199, 14280, 1476
0.2771958, 14310, 1477
0.277882, 14340, 1478
0.2779655, 14370, 1479
0.2771582, 14400, 1480
0.2777462, 14430, 1481
0.2767666, 14460, 1482
0.2774076, 14490, 1483
0.2779762, 14520, 1484
0.2769919, 14550, 1485
0.2775602, 14580, 1486
0.2772736, 14610, 1487
0.2774097, 14640, 1488
0.2783081, 14670, 1489
0.2776803, 14700, 1490
0.2777062, 14730, 1491
0.2778201, 14760, 1492
0.2780193, 14790, 1493
0.2780614, 14820, 1494
0.278338, 14850, 1495
0.278827, 14880, 1496
0.2779207, 14910, 1497
0.2784631, 14940, 1498
0.2783792, 14970, 1499
0.2783694, 15000, 1500
0.2783872, 15030, 1501
0.2781818, 15060, 1502
0.2786143, 15090, 1503
0.2788575, 15120, 1504
0.2790369, 15150, 1505
0.2788074, 15180, 1506
0.2780703, 15210, 1507
0.2788973, 15240, 1508
0.2784116, 15270, 1509
0.2781357, 15300, 1510
0.2786313, 15330, 1511
0.2788001, 15360, 1512
0.2788709, 15390, 1513
0.2789271, 15420, 1514
0.2795233, 15450, 1515
0.278724, 15480, 1516
0.2790242, 15510, 1517
0.2796063, 15540, 1518
0.2797174, 15570, 1519
0.2794416, 15600, 1520
0.2803073, 15630, 1521
0.2801344, 15660, 1522
0.2803835, 15690, 1523
0.2800358, 15720, 1524
0.2802224, 15750, 1525
0.2800859, 15780, 1526
0.2789696, 15810, 1527
0.279874, 15840, 1528
0.2793161, 15870, 1529
0.2802996, 15900, 1530
0.2800109, 15930, 1531
0.2800519, 15960, 1532
0.2806653, 15990, 1533
0.2807236, 16020, 1534
0.2807298, 16050, 1535
0.2801968, 16080, 1536
0.2807763, 16110, 1537
0.2813885, 16140, 1538
0.2804169, 16170, 1539
0.2803901, 16200, 1540
0.2806372, 16230, 1541
0.2807547, 16260, 1542
0.2813699, 16290, 1543
0.2807789, 16320, 1544
0.2811283, 16350, 1545
0.2804711, 16380, 1546
0.2803346, 16410, 1547
0.2814219, 16440, 1548
0.2806554, 16470, 1549
0.2815722, 16500, 1550
0.2810176, 16530, 1551
0.2809316, 16560, 1552
0.2807228, 16590, 1553
0.281745, 16620, 1554
0.2813399, 16650, 1555
0.2807072, 16680, 1556
0.2809886, 16710, 1557
0.2808888, 16740, 1558
0.2821809, 16770, 1559
0.2818755, 16800, 1560
0.2813678, 16830, 1561
0.2817263, 16860, 1562
0.2813562, 16890, 1563
0.281473, 16920, 1564
0.2826837, 16950, 1565
0.2817376, 16980, 1566
0.2819726, 17010, 1567
0.2818239, 17040, 1568
0.281862, 17070, 1569
0.2824045, 17100, 1570
0.281684, 17130, 1571
0.2819971, 17160, 1572
0.2821704, 17190, 1573
0.2823887, 17220, 1574
0.2824979, 17250, 1575
0.2831309, 17280, 1576
0.2828951, 17310, 1577
0.2825645, 17340, 1578
0.2827175, 17370, 1579
0.2832296, 17400, 1580
0.2833043, 17430, 1581
0.2828768, 17460, 1582
0.2832311, 17490, 1583
0.2827156, 17520, 1584
0.2824951, 17550, 1585
0.2832393, 17580, 1586
0.2830344, 17610, 1587
0.2828517, 17640, 1588
0.2833551, 17670, 1589
0.2829064, 17700, 1590
0.2836249, 17730, 1591
0.2832527, 17760, 1592
0.2838874, 17790, 1593
0.2834274, 17820, 1594
0.2834711, 17850, 1595
0.2840139, 17880, 1596
0.2839314, 17910, 1597
0.2837153, 17940, 1598
0.2837725, 17970, 1599
0.2844348, 18000, 1600
0.2838214, 18030, 1601
0.2837981, 18060, 1602
0.2837365, 18090, 1603
0.2838168, 18120, 1604
0.2848324, 18150, 1605
0.2835584, 18180, 1606
0.2839334, 18210, 1607
0.2845693, 18240, 1608
0.2839721, 18270, 1609
0.284867, 18300, 1610
0.2842741, 18330, 1611
0.2849222, 18360, 1612
0.2840426, 18390, 1613
0.2846198, 18420, 1614
0.2850299, 18450, 1615
0.2840934, 18480, 1616
0.2853766, 18510, 1617
0.2839179, 18540, 1618
0.284814, 18570, 1619
0.2846473, 18600, 1620
0.2843108, 18630, 1621
0.2846797, 18660, 1622
0.2846242, 18690, 1623
0.2850368, 18720, 1624
0.2846832, 18750, 1625
0.285008, 18780, 1626
0.2856534, 18810, 1627
0.2856494, 18840, 1628
0.2866743, 18870, 1629
0.2861814, 18900, 1630
0.2861391, 18930, 1631
0.2858441, 18960, 1632
0.2861839, 18990, 1633
0.2850343, 19020, 1634
0.2861691, 19050, 1635
0.2859904, 19080, 1636
0.2855822, 19110, 1637
0.2865913, 19140, 1638
0.2862837, 19170, 1639
0.286224, 19200, 1640
0.2860147, 19230, 1641
0.285866, 19260, 1642
0.2860608, 19290, 1643
0.2864932, 19320, 1644
0.2875417, 19350, 1645
0.2869485, 19380, 1646
0.2865979, 19410, 1647
0.2865229, 19440, 1648
0.2869761, 19470, 1649
0.2863269, 19500, 1650
0.2865176, 19530, 1651
0.2864256, 19560, 1652
0.2866406, 19590, 1653
0.2872788, 19620, 1654
0.2877903, 19650, 1655
0.2867367, 19680, 1656
0.285826, 19710, 1657
0.2883204, 19740, 1658
0.2870432, 19770, 1659
0.2881638, 19800, 1660
0.2875226, 19830, 1661
0.2876489, 19860, 1662
0.2882929, 19890, 1663
0.2874827, 19920, 1664
0.2878667, 19950, 1665
0.2874985, 19980, 1666
0.2887563, 20010, 1667
0.2872371, 20040, 1668
0.2869308, 20070, 1669
0.2889924, 20100, 1670
0.2879429, 20130, 1671
0.2880585, 20160, 1672
0.2876688, 20190, 1673
0.2883638, 20220, 1674
0.2886672, 20250, 1675
0.2888271, 20280, 1676
0.287833, 20310, 1677
0.2884112, 20340, 1678
0.2893301, 20370, 1679
0.2893483, 20400, 1680
0.2889406, 20430, 1681
0.2887989, 20460, 1682
0.2894309, 20490, 1683
0.288686, 20520, 1684
0.2892807, 20550, 1685
0.2888668, 20580, 1686
0.2900401, 20610, 1687
0.2895529, 20640, 1688
0.2891695, 20670, 1689
0.2900205, 20700, 1690
0.2893786, 20730, 1691
0.2894773, 20760, 1692
0.2890738, 20790, 1693
0.2890643, 20820, 1694
0.2897569, 20850, 1695
0.2898878, 20880, 1696
0.2896214, 20910, 1697
0.2896582, 20940, 1698
0.2908781, 20970, 1699
0.290535, 21000, 1700
0.2907919, 21030, 1701
0.2901398, 21060, 1702
0.2909592, 21090, 1703
0.2906011, 21120, 1704
0.2908698, 21150, 1705
0.2909697, 21180, 1706
0.2916117, 21210, 1707
0.2907586, 21240, 1708
0.2914111, 21270, 1709
0.2915512, 21300, 1710
0.2913235, 21330, 1711
0.2916608, 21360, 1712
0.2916758, 21390, 1713
0.2914354, 21420, 1714
0.2911753, 21450, 1715
0.2915139, 21480, 1716
0.2922648, 21510, 1717
0.2921125, 21540, 1718
0.2905508, 21570, 1719
0.2919306, 21600, 1720
0.2920825, 21630, 1721
0.2914364, 21660, 1722
0.2918295, 21690, 1723
0.2915611, 21720, 1724
0.2920585, 21750, 1725
0.2919012, 21780, 1726
0.2930325, 21810, 1727
0.2926727, 21840, 1728
0.2922237, 21870, 1729
0.2923936, 21900, 1730
0.293038, 21930, 1731
0.293191, 21960, 1732
0.2932299, 21990, 1733
0.2925439, 22020, 1734
0.2925407, 22050, 1735
0.2932822, 22080, 1736
0.2936713, 22110, 1737
0.2927373, 22140, 1738
0.2932015, 22170, 1739
0.2932682, 22200, 1740
0.2935221, 22230, 1741
0.2935165, 22260, 1742
0.2945798, 22290, 1743
0.2933227, 22320, 1744
0.2943133, 22350, 1745
0.2943643, 22380, 1746
0.2937634, 22410, 1747
0.2935662, 22440, 1748
0.2942149, 22470, 1749
0.2937649, 22500, 1750
0.2952359, 22530, 1751
0.2943511, 22560, 1752
0.294563, 22590, 1753
0.2953515, 22620, 1754
0.2946577, 22650, 1755
0.2951069, 22680, 1756
0.2944424, 22710, 1757
0.2953242, 22740, 1758
0.2947052, 22770, 1759
0.2946282, 22800, 1760
0.2953981, 22830, 1761
0.29671, 22860, 1762
0.2951341, 22890, 1763
0.2957086, 22920, 1764
0.2956177, 22950, 1765
0.2951917, 22980, 1766
0.2956096, 23010, 1767
0.2963133, 23040, 1768
0.2950767, 23070, 1769
0.2956243, 23100, 1770
0.2953093, 23130, 1771
0.2957586, 23160, 1772
0.2969241, 23190, 1773
0.2955869, 23220, 1774
0.2960804, 23250, 1775
0.2966202, 23280, 1776
0.2961603, 23310, 1777
0.2960376, 23340, 1778
0.2961626, 23370, 1779
0.2977835, 23400, 1780
0.2966294, 23430, 1781
0.2963541, 23460, 1782
0.2959725, 23490, 1783
0.2965548, 23520, 1784
0.2963002, 23550, 1785
0.2972842, 23580, 1786
0.2968524, 23610, 1787
0.2965238, 23640, 1788
0.2978897, 23670, 1789
0.2970883, 23700, 1790
0.2975522, 23730, 1791
0.2980268, 23760, 1792
0.2983, 23790, 1793
0.2981085, 23820, 1794
0.2981597, 23850, 1795
0.2977156, 23880, 1796
0.2975741, 23910, 1797
0.2986219, 23940, 1798
0.2982735, 23970, 1799
0.2988112, 24000, 1800
0.2981041, 24030, 1801
0.299012, 24060, 1802
0.2996136, 24090, 1803
0.2997, 24120, 1804
0.2989882, 24150, 1805
0.2988426, 24180, 1806
0.298697, 24210, 1807
0.2988128, 24240, 1808
0.2995862, 24270, 1809
0.2991856, 24300, 1810
0.2987947, 24330, 1811
0.3002504, 24360, 1812
0.3002275, 24390, 1813
0.300624, 24420, 1814
0.2995529, 24450, 1815
0.2997695, 24480, 1816
0.2997812, 24510, 1817
0.3009171, 24540, 1818
0.3010521, 24570, 1819
0.3001373, 24600, 1820
0.3003633, 24630, 1821
0.3011722, 24660, 1822
0.3018494, 24690, 1823
0.3002934, 24720, 1824
0.3006681, 24750, 1825
0.3009905, 24780, 1826
0.3007531, 24810, 1827
0.3008674, 24840, 1828
0.3015433, 24870, 1829
0.3032234, 24900, 1830
0.3020993, 24930, 1831
0.3015208, 24960, 1832
0.3012304, 24990, 1833
0.3014295, 25020, 1834
0.3013977, 25050, 1835
0.3014368, 25080, 1836
0.3018348, 25110, 1837
0.3008993, 25140, 1838
0.3028492, 25170, 1839
0.3016135, 25200, 1840
0.3012104, 25230, 1841
0.3023607, 25260, 1842
0.3023231, 25290, 1843
0.303172, 25320, 1844
0.3028286, 25350, 1845
0.3023691, 25380, 1846
0.3028114, 25410, 1847
0.3047245, 25440, 1848
0.3033629, 25470, 1849
0.3035934, 25500, 1850
0.3037288, 25530, 1851
0.3025998, 25560, 1852
0.3034886, 25590, 1853
0.3040046, 25620, 1854
0.30404, 25650, 1855
0.3030973, 25680, 1856
0.3036202, 25710, 1857
0.3041487, 25740, 1858
0.3035399, 25770, 1859
0.3047151, 25800, 1860
0.3049983, 25830, 1861
0.3048998, 25860, 1862
0.3041718, 25890, 1863
0.3047024, 25920, 1864
0.3045802, 25950, 1865
0.3044591, 25980, 1866
0.3054288, 26010, 1867
0.3049884, 26040, 1868
0.3051677, 26070, 1869
0.3060987, 26100, 1870
0.3049047, 26130, 1871
0.3049368, 26160, 1872
0.3060022, 26190, 1873
0.3060186, 26220, 1874
0.3064107, 26250, 1875
0.305132, 26280, 1876
0.3060747, 26310, 1877
0.306115, 26340, 1878
0.3065318, 26370, 1879
0.3074624, 26400, 1880
0.3057999, 26430, 1881
0.3054459, 26460, 1882
0.3072532, 26490, 1883
0.3064058, 26520, 1884
0.3076442, 26550, 1885
0.3068654, 26580, 1886
0.3076679, 26610, 1887
0.3069816, 26640, 1888
0.3075315, 26670, 1889
0.3071087, 26700, 1890
0.3078365, 26730, 1891
0.3070522, 26760, 1892
0.306815, 26790, 1893
0.3071908, 26820, 1894
0.3070031, 26850, 1895
0.3071778, 26880, 1896
0.308223, 26910, 1897
0.307638, 26940, 1898
0.3083171, 26970, 1899
0.3084181, 27000, 1900
0.308101, 27030, 1901
0.3090153, 27060, 1902
0.3090832, 27090, 1903
0.3095054, 27120, 1904
0.3091289, 27150, 1905
0.3095686, 27180, 1906
0.3103775, 27210, 1907
0.3088258, 27240, 1908
0.3109551, 27270, 1909
0.3088141, 27300, 1910
0.3092962, 27330, 1911
0.3087586, 27360, 1912
0.3089477, 27390, 1913
0.3090821, 27420, 1914
0.3102463, 27450, 1915
0.3105697, 27480, 1916
0.3097297, 27510, 1917
0.3093912, 27540, 1918
0.3109171, 27570, 1919
0.3111428, 27600, 1920
0.3102693, 27630, 1921
0.3107655, 27660, 1922
0.3112594, 27690, 1923
0.3103003, 27720, 1924
0.311765, 27750, 1925
0.3114846, 27780, 1926
0.3104303, 27810, 1927
0.3112842, 27840, 1928
0.3115328, 27870, 1929
0.3107625, 27900, 1930
0.3116979, 27930, 1931
0.31137, 27960, 1932
0.3114819, 27990, 1933
0.312343, 28020, 1934
0.3122374, 28050, 1935
0.3132227, 28080, 1936
0.3126524, 28110, 1937
0.31196, 28140, 1938
0.3125446, 28170, 1939
0.3134656, 28200, 1940
0.3115735, 28230, 1941
0.3115484, 28260, 1942
0.3126806, 28290, 1943
0.3135628, 28320, 1944
0.313763, 28350, 1945
0.313487, 28380, 1946
0.3143954, 28410, 1947
0.3133177, 28440, 1948
0.3134784, 28470, 1949
0.3131483, 28500, 1950
0.3152577, 28530, 1951
0.3140261, 28560, 1952
0.313891, 28590, 1953
0.3145811, 28620, 1954
0.3141101, 28650, 1955
0.3142395, 28680, 1956
0.3155317, 28710, 1957
0.3147442, 28740, 1958
0.314473, 28770, 1959
0.3146119, 28800, 1960
0.3156773, 28830, 1961
0.3154828, 28860, 1962
0.3150309, 28890, 1963
0.3153445, 28920, 1964
0.3157445, 28950, 1965
0.3165204, 28980, 1966
0.3156712, 29010, 1967
0.3147836, 29040, 1968
0.3164192, 29070, 1969
0.3154995, 29100, 1970
0.3165303, 29130, 1971
0.3172635, 29160, 1972
0.3167794, 29190, 1973
0.3163586, 29220, 1974
0.3159038, 29250, 1975
0.3174381, 29280, 1976
0.3169827, 29310, 1977
0.3175884, 29340, 1978
0.3175055, 29370, 1979
0.3165437, 29400, 1980
0.3173111, 29430, 1981
0.3170749, 29460, 1982
0.3191297, 29490, 1983
0.3183058, 29520, 1984
0.3178724, 29550, 1985
0.3184203, 29580, 1986
0.3185911, 29610, 1987
0.3190109, 29640, 1988
0.3178993, 29670, 1989
0.3184278, 29700, 1990
0.3200366, 29730, 1991
0.3193096, 29760, 1992
0.3189166, 29790, 1993
0.3200445, 29820, 1994
0.3192768, 29850, 1995
0.3198368, 29880, 1996
0.3205214, 29910, 1997
0.320113, 29940, 1998
0.3192249, 29970, 1999
0.320791, 30000, 2000
0.3208152, 30030, 2001
0.3202361, 30060, 2002
0.3202438, 30090, 2003
0.3204926, 30120, 2004
0.3208902, 30150, 2005
0.3215576, 30180, 2006
0.3223577, 30210, 2007
0.3216846, 30240, 2008
0.3223113, 30270, 2009
0.3211106, 30300, 2010
0.3205731, 30330, 2011
0.3225009, 30360, 2012
0.3214543, 30390, 2013
0.3210945, 30420, 2014
0.3211334, 30450, 2015
0.3212269, 30480, 2016
0.3232841, 30510, 2017
0.3221201, 30540, 2018
0.3223457, 30570, 2019
0.3229986, 30600, 2020
0.324166, 30630, 2021
0.3214392, 30660, 2022
0.3222448, 30690, 2023
0.3247673, 30720, 2024
0.324971, 30750, 2025
0.3233023, 30780, 2026
0.3235043, 30810, 2027
0.3233676, 30840, 2028
0.322942, 30870, 2029
0.3239431, 30900, 2030
0.3237438, 30930, 2031
0.3238551, 30960, 2032
0.3248243, 30990, 2033
0.3245807, 31020, 2034
0.324158, 31050, 2035
0.3237813, 31080, 2036
0.3250175, 31110, 2037
0.3253278, 31140, 2038
0.3249132, 31170, 2039
0.3242108, 31200, 2040
0.3245852, 31230, 2041
0.3254539, 31260, 2042
0.3256477, 31290, 2043
0.3261149, 31320, 2044
0.3261469, 31350, 2045
0.3260032, 31380, 2046
0.3284554, 31410, 2047
0.3267488, 31440, 2048
0.325896, 31470, 2049
0.3271019, 31500, 2050
0.3254645, 31530, 2051
0.3276351, 31560, 2052
0.3280898, 31590, 2053
0.3277411, 31620, 2054
0.3276691, 31650, 2055
0.3262271, 31680, 2056
0.3299827, 31710, 2057
0.3277343, 31740, 2058
0.3273792, 31770, 2059
0.3283083, 31800, 2060
0.3276987, 31830, 2061
0.3283367, 31860, 2062
0.3283796, 31890, 2063
0.3279858, 31920, 2064
0.3273133, 31950, 2065
0.3285234, 31980, 2066
0.3287084, 32010, 2067
0.3292077, 32040, 2068
0.3296417, 32070, 2069
0.3286272, 32100, 2070
0.3313647, 32130, 2071
0.3300101, 32160, 2072
0.329367, 32190, 2073
0.3291414, 32220, 2074
0.3316175, 32250, 2075
0.3308078, 32280, 2076
0.3291759, 32310, 2077
0.3303007, 32340, 2078
0.3300852, 32370, 2079
0.3313253, 32400, 2080
0.3313602, 32430, 2081
0.330744, 32460, 2082
0.3320275, 32490, 2083
0.3322744, 32520, 2084
0.331267, 32550, 2085
0.3314191, 32580, 2086
0.3331581, 32610, 2087
0.3318271, 32640, 2088
0.3332292, 32670, 2089
0.3323535, 32700, 2090
0.334405, 32730, 2091
0.3308595, 32760, 2092
0.3325664, 32790, 2093
0.3336811, 32820, 2094
0.3325001, 32850, 2095
0.3339257, 32880, 2096
0.333488, 32910, 2097
0.3337987, 32940, 2098
0.3324476, 32970, 2099
0.3332461, 33000, 2100
0.3329772, 33030, 2101
0.3338088, 33060, 2102
0.3345895, 33090, 2103
0.333141, 33120, 2104
0.3337038, 33150, 2105
0.3351369, 33180, 2106
0.3342131, 33210, 2107
0.3352895, 33240, 2108
0.3359524, 33270, 2109
0.335287, 33300, 2110
0.335447, 33330, 2111
0.3361311, 33360, 2112
0.3381285, 33390, 2113
0.3376815, 33420, 2114
0.3356051, 33450, 2115
0.3368799, 33480, 2116
0.3371237, 33510, 2117
0.3378731, 33540, 2118
0.3370347, 33570, 2119
0.3380856, 33600, 2120
0.3388959, 33630, 2121
0.3397765, 33660, 2122
0.3374891, 33690, 2123
0.3373916, 33720, 2124
0.3383552, 33750, 2125
0.3380038, 33780, 2126
0.337509, 33810, 2127
0.3399597, 33840, 2128
0.3381466, 33870, 2129
0.3386302, 33900, 2130
0.3385352, 33930, 2131
0.3385206, 33960, 2132
0.3374321, 33990, 2133
0.3378787, 34020, 2134
0.339074, 34050, 2135
0.3407784, 34080, 2136
0.339763, 34110, 2137
0.3395692, 34140, 2138
0.3393775, 34170, 2139
0.3415624, 34200, 2140
0.3400266, 34230, 2141
0.3404589, 34260, 2142
0.3401303, 34290, 2143
0.3415478, 34320, 2144
0.3394214, 34350, 2145
0.3412205, 34380, 2146
0.3422564, 34410, 2147
0.3426646, 34440, 2148
0.343011, 34470, 2149
0.3437753, 34500, 2150
0.3427197, 34530, 2151
0.3433796, 34560, 2152
0.3431834, 34590, 2153
0.3407906, 34620, 2154
0.3422829, 34650, 2155
0.34183, 34680, 2156
0.3441237, 34710, 2157
0.3424895, 34740, 2158
0.341899, 34770, 2159
0.3445124, 34800, 2160
0.3441431, 34830, 2161
0.3439072, 34860, 2162
0.3454329, 34890, 2163
0.3435347, 34920, 2164
0.3443667, 34950, 2165
0.3444219, 34980, 2166
0.3441871, 35010, 2167
0.3454039, 35040, 2168
0.3438466, 35070, 2169
0.3446939, 35100, 2170
0.3462996, 35130, 2171
0.346555, 35160, 2172
0.345925, 35190, 2173
0.346207, 35220, 2174
0.3453048, 35250, 2175
0.3448484, 35280, 2176
0.3459744, 35310, 2177
0.3453135, 35340, 2178
0.3471014, 35370, 2179
0.3478868, 35400, 2180
0.3458336, 35430, 2181
0.3464765, 35460, 2182
0.3463719, 35490, 2183
0.3464611, 35520, 2184
0.3475764, 35550, 2185
0.3487031, 35580, 2186
0.3478485, 35610, 2187
0.3474261, 35640, 2188
0.3490442, 35670, 2189
0.3487375, 35700, 2190
0.3503985, 35730, 2191
0.3484486, 35760, 2192
0.3491186, 35790, 2193
0.3484333, 35820, 2194
0.3509461, 35850, 2195
0.3512933, 35880, 2196
0.3509729, 35910, 2197
0.349897, 35940, 2198
0.3487485, 35970, 2199
0.352736, 36000, 2200
0.3500185, 36030, 2201
0.350626, 36060, 2202
0.3509301, 36090, 2203
0.3516547, 36120, 2204
0.3518142, 36150, 2205
0.3524734, 36180, 2206
0.3528662, 36210, 2207
0.3519979, 36240, 2208
0.3540825, 36270, 2209
0.3531754, 36300, 2210
0.351823, 36330, 2211
0.3523536, 36360, 2212
0.3533345, 36390, 2213
0.3528356, 36420, 2214
0.3536371, 36450, 2215
0.3546042, 36480, 2216
0.3546022, 36510, 2217
0.3550548, 36540, 2218
0.356395, 36570, 2219
0.3543321, 36600, 2220
0.3552061, 36630, 2221
0.3535981, 36660, 2222
0.3541557, 36690, 2223
0.3530261, 36720, 2224
0.3554348, 36750, 2225
0.3556014, 36780, 2226
0.3551102, 36810, 2227
0.3549744, 36840, 2228
0.3549018, 36870, 2229
0.357487, 36900, 2230
0.3565348, 36930, 2231
0.3608285, 36960, 2232
0.3569173, 36990, 2233
0.3568242, 37020, 2234
0.3562823, 37050, 2235
0.3570972, 37080, 2236
0.3556414, 37110, 2237
0.3577364, 37140, 2238
0.3572362, 37170, 2239
0.3581968, 37200, 2240
0.3588961, 37230, 2241
0.3575409, 37260, 2242
0.3597132, 37290, 2243
0.3606301, 37320, 2244
0.3575191, 37350, 2245
0.3591069, 37380, 2246
0.3595063, 37410, 2247
0.3597846, 37440, 2248
0.3612333, 37470, 2249
0.3592792, 37500, 2250
0.3620967, 37530, 2251
0.3595704, 37560, 2252
0.3610774, 37590, 2253
0.3608348, 37620, 2254
0.3611569, 37650, 2255
0.3622679, 37680, 2256
0.3604484, 37710, 2257
0.3605869, 37740, 2258
0.3603823, 37770, 2259
0.3611335, 37800, 2260
0.3604578, 37830, 2261
0.3628458, 37860, 2262
0.3626015, 37890, 2263
0.3624318, 37920, 2264
0.3633063, 37950, 2265
0.3649692, 37980, 2266
0.3631712, 38010, 2267
0.364623, 38040, 2268
0.3633352, 38070, 2269
0.362972, 38100, 2270
0.3635253, 38130, 2271
0.365389, 38160, 2272
0.3659396, 38190, 2273
0.3645365, 38220, 2274
0.3638428, 38250, 2275
0.363429, 38280, 2276
0.3669863, 38310, 2277
0.3657022, 38340, 2278
0.3655232, 38370, 2279
0.3644375, 38400, 2280
0.3656605, 38430, 2281
0.3661165, 38460, 2282
0.3649532, 38490, 2283
0.3675574, 38520, 2284
0.365876, 38550, 2285
0.3655841, 38580, 2286
0.368873, 38610, 2287
0.367366, 38640, 2288
0.3679901, 38670, 2289
0.3669237, 38700, 2290
0.3680762, 38730, 2291
0.3670313, 38760, 2292
0.3688627, 38790, 2293
0.3688524, 38820, 2294
0.3691529, 38850, 2295
0.3686938, 38880, 2296
0.3699874, 38910, 2297
0.3697499, 38940, 2298
0.3694325, 38970, 2299
0.371736, 39000, 2300
0.3699124, 39030, 2301
0.3716413, 39060, 2302
0.3699521, 39090, 2303
0.3704566, 39120, 2304
0.3700705, 39150, 2305
0.3707956, 39180, 2306
0.371711, 39210, 2307
0.3717507, 39240, 2308
0.3725878, 39270, 2309
0.3730746, 39300, 2310
0.3732491, 39330, 2311
0.3743115, 39360, 2312
0.3731928, 39390, 2313
0.3731768, 39420, 2314
0.3731247, 39450, 2315
0.3729697, 39480, 2316
0.3739254, 39510, 2317
0.3746991, 39540, 2318
0.3737275, 39570, 2319
0.3735131, 39600, 2320
0.3725432, 39630, 2321
0.3753531, 39660, 2322
0.3741034, 39690, 2323
0.3757215, 39720, 2324
0.3742265, 39750, 2325
0.3794252, 39780, 2326
0.3757937, 39810, 2327
0.3753851, 39840, 2328
0.3752489, 39870, 2329
0.3750367, 39900, 2330
0.3766557, 39930, 2331
0.3751307, 39960, 2332
0.3773375, 39990, 2333
0.376894, 40020, 2334
0.3778154, 40050, 2335
0.3794498, 40080, 2336
0.3782801, 40110, 2337
0.3772182, 40140, 2338
0.3782387, 40170, 2339
0.3765964, 40200, 2340
0.3767983, 40230, 2341
0.3772727, 40260, 2342
0.3800827, 40290, 2343
0.3805823, 40320, 2344
0.3797446, 40350, 2345
0.3780536, 40380, 2346
0.3806711, 40410, 2347
0.3790356, 40440, 2348
0.3795438, 40470, 2349
0.3801904, 40500, 2350
0.3788057, 40530, 2351
0.3800347, 40560, 2352
0.3826955, 40590, 2353
0.3809349, 40620, 2354
0.3810912, 40650, 2355
0.3826132, 40680, 2356
0.3815089, 40710, 2357
0.3807195, 40740, 2358
0.3829784, 40770, 2359
0.3822959, 40800, 2360
0.3815947, 40830, 2361
0.3822573, 40860, 2362
0.3820127, 40890, 2363
0.3832072, 40920, 2364
0.3832551, 40950, 2365
0.3842706, 40980, 2366
0.3844668, 41010, 2367
0.3845047, 41040, 2368
0.3829649, 41070, 2369
0.3843234, 41100, 2370
0.384543, 41130, 2371
0.3857281, 41160, 2372
0.3848681, 41190, 2373
0.3894126, 41220, 2374
0.3867512, 41250, 2375
0.3880643, 41280, 2376
0.3888857, 41310, 2377
0.3865222, 41340, 2378
0.3871317, 41370, 2379
0.3851722, 41400, 2380
0.3860849, 41430, 2381
0.3892101, 41460, 2382
0.3878192, 41490, 2383
0.3889078, 41520, 2384
0.3881244, 41550, 2385
0.3876188, 41580, 2386
0.3884524, 41610, 2387
0.3886422, 41640, 2388
0.388271, 41670, 2389
0.3883887, 41700, 2390
0.388949, 41730, 2391
0.3896335, 41760, 2392
0.3933254, 41790, 2393
0.3918718, 41820, 2394
0.3905244, 41850, 2395
0.3895452, 41880, 2396
0.3911185, 41910, 2397
0.3921369, 41940, 2398
0.3912107, 41970, 2399
0.3905317, 42000, 2400
0.3906073, 42030, 2401
0.3916774, 42060, 2402
0.3944058, 42090, 2403
0.392736, 42120, 2404
0.391552, 42150, 2405
0.3935078, 42180, 2406
0.3960272, 42210, 2407
0.394449, 42240, 2408
0.3947056, 42270, 2409
0.3954599, 42300, 2410
0.3959018, 42330, 2411
0.3922921, 42360, 2412
0.3938101, 42390, 2413
0.3938711, 42420, 2414
0.3950809, 42450, 2415
0.3973072, 42480, 2416
0.3977215, 42510, 2417
0.3946882, 42540, 2418
0.3983149, 42570, 2419
0.3972707, 42600, 2420
0.3975727, 42630, 2421
0.397407, 42660, 2422
0.3972359, 42690, 2423
0.3976936, 42720, 2424
0.3987611, 42750, 2425
0.397929, 42780, 2426
0.3989621, 42810, 2427
0.3981431, 42840, 2428
0.3986685, 42870, 2429
0.3999487, 42900, 2430
0.3990253, 42930, 2431
0.3995749, 42960, 2432
0.3990048, 42990, 2433
0.4010748, 43020, 2434
0.4009384, 43050, 2435
0.3984066, 43080, 2436
0.4006858, 43110, 2437
0.4003489, 43140, 2438
0.4002893, 43170, 2439
0.3994452, 43200, 2440
0.3999247, 43230, 2441
0.4028501, 43260, 2442
0.4036109, 43290, 2443
0.404034, 43320, 2444
0.4025637, 43350, 2445
0.4019338, 43380, 2446
0.4018573, 43410, 2447
0.4040118, 43440, 2448
0.4036723, 43470, 2449
0.4041979, 43500, 2450
0.4031628, 43530, 2451
0.4046257, 43560, 2452
0.4042773, 43590, 2453
0.4034265, 43620, 2454
0.4070762, 43650, 2455
0.4061122, 43680, 2456
0.4051664, 43710, 2457
0.4046391, 43740, 2458
0.4051661, 43770, 2459
0.4077096, 43800, 2460
0.4073355, 43830, 2461
0.4083806, 43860, 2462
0.407016, 43890, 2463
0.407988, 43920, 2464
0.4082036, 43950, 2465
0.40718, 43980, 2466
0.4071454, 44010, 2467
0.4091802, 44040, 2468
0.40855, 44070, 2469
0.4087712, 44100, 2470
0.4077751, 44130, 2471
0.4108531, 44160, 2472
0.4103032, 44190, 2473
0.4105109, 44220, 2474
0.4080897, 44250, 2475
0.4100359, 44280, 2476
0.408751, 44310, 2477
0.4121851, 44340, 2478
0.4114799, 44370, 2479
0.4120848, 44400, 2480
0.4100442, 44430, 2481
0.4108564, 44460, 2482
0.4117671, 44490, 2483
0.4135045, 44520, 2484
0.4134883, 44550, 2485
0.4114579, 44580, 2486
0.4149505, 44610, 2487
0.4136415, 44640, 2488
0.4156853, 44670, 2489
0.4170134, 44700, 2490
0.4162826, 44730, 2491
0.4168333, 44760, 2492
0.4151742, 44790, 2493
0.4165142, 44820, 2494
0.4141746, 44850, 2495
0.4158861, 44880, 2496
0.4154861, 44910, 2497
0.4171565, 44940, 2498
0.416234, 44970, 2499
0.4145218, 45000, 2500
0.4186101, 45030, 2501
0.4178095, 45060, 2502
0.417488, 45090, 2503
0.4179142, 45120, 2504
0.4179143, 45150, 2505
0.418743, 45180, 2506
0.4209861, 45210, 2507
0.4193081, 45240, 2508
0.4186662, 45270, 2509
0.4181565, 45300, 2510
0.4234643, 45330, 2511
0.4221814, 45360, 2512
0.4203957, 45390, 2513
0.4201235, 45420, 2514
0.419163, 45450, 2515
0.4178625, 45480, 2516
0.4237228, 45510, 2517
0.4227437, 45540, 2518
0.4221371, 45570, 2519
0.4193864, 45600, 2520
0.4240135, 45630, 2521
0.4233541, 45660, 2522
0.4229529, 45690, 2523
0.4227655, 45720, 2524
0.4242758, 45750, 2525
0.4232591, 45780, 2526
0.4282661, 45810, 2527
0.4232559, 45840, 2528
0.4244804, 45870, 2529
0.4259412, 45900, 2530
0.42514, 45930, 2531
0.4271483, 45960, 2532
0.4264771, 45990, 2533
0.4274328, 46020, 2534
0.4261488, 46050, 2535
0.4263673, 46080, 2536
0.4288414, 46110, 2537
0.4277941, 46140, 2538
0.4273562, 46170, 2539
0.4282815, 46200, 2540
0.427254, 46230, 2541
0.430227, 46260, 2542
0.4295136, 46290, 2543
0.4309893, 46320, 2544
0.4291775, 46350, 2545
0.4298841, 46380, 2546
0.4305449, 46410, 2547
0.4314532, 46440, 2548
0.4325501, 46470, 2549
0.4282752, 46500, 2550
0.4298314, 46530, 2551
0.4293383, 46560, 2552
0.4306669, 46590, 2553
0.434987, 46620, 2554
0.4319373, 46650, 2555
0.4313542, 46680, 2556
0.4329194, 46710, 2557
0.4317308, 46740, 2558
0.4327786, 46770, 2559
0.4329104, 46800, 2560
0.4356384, 46830, 2561
0.4373407, 46860, 2562
0.4369734, 46890, 2563
0.4359417, 46920, 2564
0.4376809, 46950, 2565
0.4374806, 46980, 2566
0.4380037, 47010, 2567
0.4368324, 47040, 2568
0.4389064, 47070, 2569
0.4356092, 47100, 2570
0.437958, 47130, 2571
0.4391938, 47160, 2572
0.4376454, 47190, 2573
0.4382049, 47220, 2574
0.4367658, 47250, 2575
0.4394441, 47280, 2576
0.4394479, 47310, 2577
0.4408953, 47340, 2578
0.4406333, 47370, 2579
0.4436026, 47400, 2580
0.4413949, 47430, 2581
0.4405196, 47460, 2582
0.4434109, 47490, 2583
0.4383854, 47520, 2584
0.4418511, 47550, 2585
0.4429827, 47580, 2586
0.4452816, 47610, 2587
0.442022, 47640, 2588
0.4427033, 47670, 2589
0.4432362, 47700, 2590
0.4428522, 47730, 2591
0.4448709, 47760, 2592
0.4432259, 47790, 2593
0.4461706, 47820, 2594
0.4452809, 47850, 2595
0.4453488, 47880, 2596
0.4463356, 47910, 2597
0.4458254, 47940, 2598
0.4460032, 47970, 2599
0.4452277, 48000, 2600
0.4443812, 48030, 2601
0.4469721, 48060, 2602
0.445962, 48090, 2603
0.4474086, 48120, 2604
0.4507597, 48150, 2605
0.4493878, 48180, 2606
0.4452744, 48210, 2607
0.4496821, 48240, 2608
0.4461916, 48270, 2609
0.4490697, 48300, 2610
0.4494498, 48330, 2611
0.4500034, 48360, 2612
0.4512721, 48390, 2613
0.4510251, 48420, 2614
0.4559488, 48450, 2615
0.4508713, 48480, 2616
0.4517091, 48510, 2617
0.4528851, 48540, 2618
0.4505701, 48570, 2619
0.4513927, 48600, 2620
0.4574133, 48630, 2621
0.45605, 48660, 2622
0.4535363, 48690, 2623
0.4558475, 48720, 2624
0.4546988, 48750, 2625
0.4529639, 48780, 2626
0.4554945, 48810, 2627
0.4560486, 48840, 2628
0.4548315, 48870, 2629
0.4568066, 48900, 2630
0.4554068, 48930, 2631
0.4595529, 48960, 2632
0.4563241, 48990, 2633
0.4557313, 49020, 2634
0.4547205, 49050, 2635
0.4564539, 49080, 2636
0.4574785, 49110, 2637
0.460275, 49140, 2638
0.4569063, 49170, 2639
0.4597431, 49200, 2640
0.4604738, 49230, 2641
0.4589599, 49260, 2642
0.4598297, 49290, 2643
0.4615457, 49320, 2644
0.4608993, 49350, 2645
0.4603858, 49380, 2646
0.4625929, 49410, 2647
0.4629636, 49440, 2648
0.4629002, 49470, 2649
0.4625281, 49500, 2650
0.4635462, 49530, 2651
0.4623755, 49560, 2652
0.4640808, 49590, 2653
0.4634492, 49620, 2654
0.466453, 49650, 2655
0.4642041, 49680, 2656
0.4625819, 49710, 2657
0.465582, 49740, 2658
0.465452, 49770, 2659
0.4657621, 49800, 2660
0.4668711, 49830, 2661
0.468164, 49860, 2662
0.4667974, 49890, 2663
0.4642731, 49920, 2664
0.4652558, 49950, 2665
0.4680112, 49980, 2666
0.4677817, 50010, 2667
0.46667, 50040, 2668
0.4677843, 50070, 2669
0.4700434, 50100, 2670
0.4685371, 50130, 2671
0.4692089, 50160, 2672
0.4707829, 50190, 2673
0.4718312, 50220, 2674
0.4761258, 50250, 2675
0.4738679, 50280, 2676
0.4742071, 50310, 2677
0.4734463, 50340, 2678
0.4741565, 50370, 2679
0.477297, 50400, 2680
0.478136, 50430, 2681
0.4724784, 50460, 2682
0.4729023, 50490, 2683
0.4762768, 50520, 2684
0.4773185, 50550, 2685
0.477259, 50580, 2686
0.4772522, 50610, 2687
0.4767247, 50640, 2688
0.4743755, 50670, 2689
0.4768474, 50700, 2690
0.4747288, 50730, 2691
0.4781109, 50760, 2692
0.4748539, 50790, 2693
0.4792659, 50820, 2694
0.4802971, 50850, 2695
0.478391, 50880, 2696
0.478375, 50910, 2697
0.4794219, 50940, 2698
0.4838992, 50970, 2699
0.4827868, 51000, 2700
0.4807422, 51030, 2701
0.480853, 51060, 2702
0.4828232, 51090, 2703
0.4848544, 51120, 2704
0.4824691, 51150, 2705
0.4827193, 51180, 2706
0.4863286, 51210, 2707
0.4832062, 51240, 2708
0.4829036, 51270, 2709
0.4840783, 51300, 2710
0.4861618, 51330, 2711
0.4848978, 51360, 2712
0.4843363, 51390, 2713
0.4851223, 51420, 2714
0.4851768, 51450, 2715
0.4861883, 51480, 2716
0.4864519, 51510, 2717
0.4858308, 51540, 2718
0.4850742, 51570, 2719
0.491199, 51600, 2720
0.4892977, 51630, 2721
0.4896824, 51660, 2722
0.4876829, 51690, 2723
0.4875944, 51720, 2724
0.4888621, 51750, 2725
0.4903544, 51780, 2726
0.4891875, 51810, 2727
0.4906172, 51840, 2728
0.491658, 51870, 2729
0.4891157, 51900, 2730
0.4934919, 51930, 2731
0.4916508, 51960, 2732
0.4922818, 51990, 2733
0.4928271, 52020, 2734
0.4968946, 52050, 2735
0.4942478, 52080, 2736
0.4959633, 52110, 2737
0.4968911, 52140, 2738
0.4936232, 52170, 2739
0.498003, 52200, 2740
0.4943794, 52230, 2741
0.498143, 52260, 2742
0.5002906, 52290, 2743
0.4986507, 52320, 2744
0.4956722, 52350, 2745
0.4984274, 52380, 2746
0.4986311, 52410, 2747
0.4988472, 52440, 2748
0.4979849, 52470, 2749
0.4994164, 52500, 2750
0.4983818, 52530, 2751
0.5006813, 52560, 2752
0.4992354, 52590, 2753
0.5015308, 52620, 2754
0.5036657, 52650, 2755
0.5010116, 52680, 2756
0.5022848, 52710, 2757
0.5018734, 52740, 2758
0.504872, 52770, 2759
0.5030647, 52800, 2760
0.5074209, 52830, 2761
0.506699, 52860, 2762
0.5028726, 52890, 2763
0.506098, 52920, 2764
0.5078301, 52950, 2765
0.505575, 52980, 2766
0.5059334, 53010, 2767
0.5092992, 53040, 2768
0.5095689, 53070, 2769
0.5117991, 53100, 2770
0.508522, 53130, 2771
0.5100989, 53160, 2772
0.5091824, 53190, 2773
0.5119515, 53220, 2774
0.509682, 53250, 2775
0.5113482, 53280, 2776
0.5118957, 53310, 2777
0.5124004, 53340, 2778
0.5116368, 53370, 2779
0.5159661, 53400, 2780
0.5120527, 53430, 2781
0.5144384, 53460, 2782
0.5116252, 53490, 2783
0.5150578, 53520, 2784
0.5138739, 53550, 2785
0.5187333, 53580, 2786
0.5160217, 53610, 2787
0.5124162, 53640, 2788
0.5173393, 53670, 2789
0.5120421, 53700, 2790
0.5147388, 53730, 2791
0.5191421, 53760, 2792
0.518293, 53790, 2793
0.5205478, 53820, 2794
0.5175309, 53850, 2795
0.5211141, 53880, 2796
0.518067, 53910, 2797
0.5157775, 53940, 2798
0.5199668, 53970, 2799
0.5180851, 54000, 2800
0.5185272, 54030, 2801
0.522016, 54060, 2802
0.5235678, 54090, 2803
0.5196273, 54120, 2804
0.5236184, 54150, 2805
0.5245109, 54180, 2806
0.5245357, 54210, 2807
0.5231035, 54240, 2808
0.52152, 54270, 2809
0.5255345, 54300, 2810
0.5264487, 54330, 2811
0.5250153, 54360, 2812
0.525137, 54390, 2813
0.5253333, 54420, 2814
0.5246745, 54450, 2815
0.5256803, 54480, 2816
0.5282909, 54510, 2817
0.5287219, 54540, 2818
0.5301513, 54570, 2819
0.5296568, 54600, 2820
0.5296251, 54630, 2821
0.526442, 54660, 2822
0.529938, 54690, 2823
0.5291267, 54720, 2824
0.5326983, 54750, 2825
0.5285378, 54780, 2826
0.5349167, 54810, 2827
0.5309559, 54840, 2828
0.5295814, 54870, 2829
0.5335987, 54900, 2830
0.5327855, 54930, 2831
0.5356318, 54960, 2832
0.5347559, 54990, 2833
0.5340029, 55020, 2834
0.5351536, 55050, 2835
0.5369905, 55080, 2836
0.5343287, 55110, 2837
0.5362838, 55140, 2838
0.5383909, 55170, 2839
0.5404742, 55200, 2840
0.5352054, 55230, 2841
0.5409112, 55260, 2842
0.5383308, 55290, 2843
0.5369043, 55320, 2844
0.5373709, 55350, 2845
0.5374894, 55380, 2846
0.5409065, 55410, 2847
0.5393875, 55440, 2848
0.5415973, 55470, 2849
0.541341, 55500, 2850
0.5407822, 55530, 2851
0.5430998, 55560, 2852
0.5432236, 55590, 2853
0.5457808, 55620, 2854
0.5439827, 55650, 2855
0.5431628, 55680, 2856
0.5454353, 55710, 2857
0.5417015, 55740, 2858
0.5456009, 55770, 2859
0.5462556, 55800, 2860
0.5462472, 55830, 2861
0.5466649, 55860, 2862
0.5449818, 55890, 2863
0.5501565, 55920, 2864
0.5454054, 55950, 2865
0.5494074, 55980, 2866
0.5513197, 56010, 2867
0.5521832, 56040, 2868
0.5479024, 56070, 2869
0.5510693, 56100, 2870
0.5501345, 56130, 2871
0.55056, 56160, 2872
0.5498557, 56190, 2873
0.5526005, 56220, 2874
0.5520592, 56250, 2875
0.5543503, 56280, 2876
0.5571851, 56310, 2877
0.5539663, 56340, 2878
0.5558326, 56370, 2879
0.5564961, 56400, 2880
0.5551106, 56430, 2881
0.5535741, 56460, 2882
0.5552749, 56490, 2883
0.5591182, 56520, 2884
0.5575232, 56550, 2885
0.5594065, 56580, 2886
0.5640287, 56610, 2887
0.5583117, 56640, 2888
0.5613512, 56670, 2889
0.5543358, 56700, 2890
0.5606663, 56730, 2891
0.5611402, 56760, 2892
0.5658916, 56790, 2893
0.5631054, 56820, 2894
0.5628209, 56850, 2895
0.5595555, 56880, 2896
0.5639912, 56910, 2897
0.5655264, 56940, 2898
0.5645063, 56970, 2899
0.5652179, 57000, 2900
0.5675283, 57030, 2901
0.562931, 57060, 2902
0.5658152, 57090, 2903
0.5628291, 57120, 2904
0.5678575, 57150, 2905
0.5718874, 57180, 2906
0.5684542, 57210, 2907
0.5724545, 57240, 2908
0.5690725, 57270, 2909
0.5678212, 57300, 2910
0.5703792, 57330, 2911
0.5693388, 57360, 2912
0.5790251, 57390, 2913
0.5703748, 57420, 2914
0.5721619, 57450, 2915
0.5714859, 57480, 2916
0.574954, 57510, 2917
0.5726991, 57540, 2918
0.5713364, 57570, 2919
0.5761631, 57600, 2920
0.575484, 57630, 2921
0.5751138, 57660, 2922
0.5758266, 57690, 2923
0.5759462, 57720, 2924
0.5776868, 57750, 2925
0.5803438, 57780, 2926
0.5817889, 57810, 2927
0.578644, 57840, 2928
0.5839497, 57870, 2929
0.5829551, 57900, 2930
0.579457, 57930, 2931
0.5830924, 57960, 2932
0.5819045, 57990, 2933
0.5820499, 58020, 2934
0.5875782, 58050, 2935
0.5845972, 58080, 2936
0.585721, 58110, 2937
0.5821019, 58140, 2938
0.5844904, 58170, 2939
0.5846991, 58200, 2940
0.5903708, 58230, 2941
0.5862298, 58260, 2942
0.5855925, 58290, 2943
0.5848234, 58320, 2944
0.584553, 58350, 2945
0.5899802, 58380, 2946
0.5913773, 58410, 2947
0.5887445, 58440, 2948
0.5876787, 58470, 2949
0.5877802, 58500, 2950
0.5904614, 58530, 2951
0.5921795, 58560, 2952
0.5993688, 58590, 2953
0.5921009, 58620, 2954
0.5914759, 58650, 2955
0.5928619, 58680, 2956
0.5959893, 58710, 2957
0.6009324, 58740, 2958
0.597382, 58770, 2959
0.5925766, 58800, 2960
0.5960221, 58830, 2961
0.5969224, 58860, 2962
0.5987781, 58890, 2963
0.5982742, 58920, 2964
0.602599, 58950, 2965
0.5979914, 58980, 2966
0.5994683, 59010, 2967
0.5989583, 59040, 2968
0.602247, 59070, 2969
0.6016279, 59100, 2970
0.6022211, 59130, 2971
0.6020526, 59160, 2972
0.6051717, 59190, 2973
0.6034811, 59220, 2974
0.6038029, 59250, 2975
0.6055691, 59280, 2976
0.6050002, 59310, 2977
0.6029869, 59340, 2978
0.6095858, 59370, 2979
0.6091567, 59400, 2980
0.6074827, 59430, 2981
0.60714, 59460, 2982
0.6106498, 59490, 2983
0.6062589, 59520, 2984
0.6101696, 59550, 2985
0.6091826, 59580, 2986
0.6091717, 59610, 2987
0.6118649, 59640, 2988
0.6145039, 59670, 2989
0.6098237, 59700, 2990
0.6147472, 59730, 2991
0.6133378, 59760, 2992
0.6156686, 59790, 2993
0.6114655, 59820, 2994
0.6143312, 59850, 2995
0.617153, 59880, 2996
0.6126745, 59910, 2997
0.6170958, 59940, 2998
0.6148977, 59970, 2999
0.6180053, 60000, 3000
0.6172114, 60030, 3001
0.6228344, 60060, 3002
0.6160903, 60090, 3003
0.6205698, 60120, 3004
0.6160281, 60150, 3005
0.6187224, 60180, 3006
0.6223094, 60210, 3007
0.6192712, 60240, 3008
0.6244281, 60270, 3009
0.6197916, 60300, 3010
0.6236301, 60330, 3011
0.6262726, 60360, 3012
0.6245129, 60390, 3013
0.625197, 60420, 3014
0.6286906, 60450, 3015
0.6250002, 60480, 3016
0.6273458, 60510, 3017
0.625053, 60540, 3018
0.6320125, 60570, 3019
0.6268794, 60600, 3020
0.6305686, 60630, 3021
0.6331083, 60660, 3022
0.6330431, 60690, 3023
0.6290732, 60720, 3024
0.6322556, 60750, 3025
0.6359432, 60780, 3026
0.6347343, 60810, 3027
0.6297541, 60840, 3028
0.6352634, 60870, 3029
0.6371868, 60900, 3030
0.6327158, 60930, 3031
0.6354489, 60960, 3032
0.636005, 60990, 3033
0.6361763, 61020, 3034
0.635048, 61050, 3035
0.636667, 61080, 3036
0.6395961, 61110, 3037
0.6422319, 61140, 3038
0.643037, 61170, 3039
0.6467939, 61200, 3040
0.6451776, 61230, 3041
0.6403296, 61260, 3042
0.6418085, 61290, 3043
0.6458848, 61320, 3044
0.646641, 61350, 3045
0.6426022, 61380, 3046
0.6450005, 61410, 3047
0.6499421, 61440, 3048
0.6444406, 61470, 3049
0.649082, 61500, 3050
0.6517805, 61530, 3051
0.6497899, 61560, 3052
0.6488881, 61590, 3053
0.6493654, 61620, 3054
0.6547972, 61650, 3055
0.6476263, 61680, 3056
0.6543311, 61710, 3057
0.6506909, 61740, 3058
0.6584229, 61770, 3059
0.6570936, 61800, 3060
0.6542633, 61830, 3061
0.6502592, 61860, 3062
0.6584944, 61890, 3063
0.652282, 61920, 3064
0.6602021, 61950, 3065
0.6580075, 61980, 3066
0.6611815, 62010, 3067
0.659502, 62040, 3068
0.6583635, 62070, 3069
0.6613204, 62100, 3070
0.6584244, 62130, 3071
0.6599161, 62160, 3072
0.6609625, 62190, 3073
0.6644304, 62220, 3074
0.6646633, 62250, 3075
0.6630363, 62280, 3076
0.6676581, 62310, 3077
0.666451, 62340, 3078
0.6659076, 62370, 3079
0.6637458, 62400, 3080
0.6663881, 62430, 3081
0.6658848, 62460, 3082
0.6681332, 62490, 3083
0.6677498, 62520, 3084
0.6687175, 62550, 3085
0.6683128, 62580, 3086
0.6684496, 62610, 3087
0.6719831, 62640, 3088
0.6721256, 62670, 3089
0.6702077, 62700, 3090
0.6717129, 62730, 3091
0.6735424, 62760, 3092
0.6796916, 62790, 3093
0.6792114, 62820, 3094
0.6735627, 62850, 3095
0.6764147, 62880, 3096
0.6765916, 62910, 3097
0.6776862, 62940, 3098
0.6789645, 62970, 3099
0.6803905, 63000, 3100
0.6797208, 63030, 3101
0.6793609, 63060, 3102
0.6763215, 63090, 3103
0.6814959, 63120, 3104
0.6811019, 63150, 3105
0.6839061, 63180, 3106
0.6842668, 63210, 3107
0.6783313, 63240, 3108
0.6828605, 63270, 3109
0.681983, 63300, 3110
0.6842387, 63330, 3111
0.6851116, 63360, 3112
0.6831933, 63390, 3113
0.6842757, 63420, 3114
0.687919, 63450, 3115
0.6894183, 63480, 3116
0.6944819, 63510, 3117
0.6876152, 63540, 3118
0.6899639, 63570, 3119
0.6873479, 63600, 3120
0.6896079, 63630, 3121
0.6936356, 63660, 3122
0.693126, 63690, 3123
0.6934011, 63720, 3124
0.6982972, 63750, 3125
0.6970898, 63780, 3126
0.692754, 63810, 3127
0.6939068, 63840, 3128
0.6946841, 63870, 3129
0.6985242, 63900, 3130
0.6994472, 63930, 3131
0.7003829, 63960, 3132
0.7001814, 63990, 3133
0.6996152, 64020, 3134
0.7013793, 64050, 3135
0.703872, 64080, 3136
0.7019575, 64110, 3137
0.7067097, 64140, 3138
0.7022684, 64170, 3139
0.7034923, 64200, 3140
0.7029337, 64230, 3141
0.7076904, 64260, 3142
0.7086679, 64290, 3143
0.7054044, 64320, 3144
0.7037477, 64350, 3145
0.7061457, 64380, 3146
0.7089667, 64410, 3147
0.7092381, 64440, 3148
0.707269, 64470, 3149
0.7091667, 64500, 3150
0.712967, 64530, 3151
0.7117277, 64560, 3152
0.7087328, 64590, 3153
0.7124791, 64620, 3154
0.7166409, 64650, 3155
0.711876, 64680, 3156
0.7143676, 64710, 3157
0.7181792, 64740, 3158
0.7134802, 64770, 3159
0.7212665, 64800, 3160
0.7183825, 64830, 3161
0.7205089, 64860, 3162
0.7166394, 64890, 3163
0.7181449, 64920, 3164
0.7197125, 64950, 3165
0.7186955, 64980, 3166
0.7192702, 65010, 3167
0.7248855, 65040, 3168
0.7278604, 65070, 3169
0.7223777, 65100, 3170
0.7221313, 65130, 3171
0.7239581, 65160, 3172
0.7261052, 65190, 3173
0.730196, 65220, 3174
0.7262009, 65250, 3175
0.7276411, 65280, 3176
0.7284426, 65310, 3177
0.7268754, 65340, 3178
0.7305782, 65370, 3179
0.7276433, 65400, 3180
0.7324787, 65430, 3181
0.7323528, 65460, 3182
0.7326543, 65490, 3183
0.7381015, 65520, 3184
0.7305707, 65550, 3185
0.7320341, 65580, 3186
0.7356644, 65610, 3187
0.7355893, 65640, 3188
0.7410608, 65670, 3189
0.7356277, 65700, 3190
0.7401623, 65730, 3191
0.7397159, 65760, 3192
0.7427964, 65790, 3193
0.7423892, 65820, 3194
0.7449388, 65850, 3195
0.7454065, 65880, 3196
0.7464046, 65910, 3197
0.7460509, 65940, 3198
0.7477595, 65970, 3199
0.748518, 66000, 3200
0.7461409, 66030, 3201
0.7459677, 66060, 3202
0.745681, 66090, 3203
0.748249, 66120, 3204
0.7526312, 66150, 3205
0.7436475, 66180, 3206
0.7501639, 66210, 3207
0.7466342, 66240, 3208
0.7483146, 66270, 3209
0.7570828, 66300, 3210
0.7531505, 66330, 3211
0.7512172, 66360, 3212
0.7506928, 66390, 3213
0.7550809, 66420, 3214
0.7510073, 66450, 3215
0.7522497, 66480, 3216
0.7557677, 66510, 3217
0.7550044, 66540, 3218
0.7587431, 66570, 3219
0.760322, 66600, 3220
0.7578418, 66630, 3221
0.7610229, 66660, 3222
0.7594171, 66690, 3223
0.7644126, 66720, 3224
0.7630644, 66750, 3225
0.7603216, 66780, 3226
0.7653086, 66810, 3227
0.7607829, 66840, 3228
0.761609, 66870, 3229
0.7671243, 66900, 3230
0.7690681, 66930, 3231
0.7691566, 66960, 3232
0.7692682, 66990, 3233
0.7726121, 67020, 3234
0.7741261, 67050, 3235
0.7706625, 67080, 3236
0.7689877, 67110, 3237
0.7721034, 67140, 3238
0.7721746, 67170, 3239
0.7723515, 67200, 3240
0.7718135, 67230, 3241
0.768642, 67260, 3242
0.7769666, 67290, 3243
0.7798197, 67320, 3244
0.7800226, 67350, 3245
0.773825, 67380, 3246
0.7752528, 67410, 3247
0.781379, 67440, 3248
0.7748331, 67470, 3249
0.7778713, 67500, 3250
0.7809836, 67530, 3251
0.7814779, 67560, 3252
0.7861519, 67590, 3253
0.7828953, 67620, 3254
0.7862275, 67650, 3255
0.7805724, 67680, 3256
0.7861392, 67710, 3257
0.7894929, 67740, 3258
0.786303, 67770, 3259
0.7850678, 67800, 3260
0.7887637, 67830, 3261
0.7924645, 67860, 3262
0.7956453, 67890, 3263
0.792679, 67920, 3264
0.795305, 67950, 3265
0.7912535, 67980, 3266
0.7973397, 68010, 3267
0.7963419, 68040, 3268
0.7925701, 68070, 3269
0.7983491, 68100, 3270
0.795902, 68130, 3271
0.8011372, 68160, 3272
0.8001036, 68190, 3273
0.7975976, 68220, 3274
0.7967088, 68250, 3275
0.8041375, 68280, 3276
0.8000094, 68310, 3277
0.8066427, 68340, 3278
0.8017578, 68370, 3279
0.8027676, 68400, 3280
0.8028163, 68430, 3281
0.8020151, 68460, 3282
0.8022493, 68490, 3283
0.8032098, 68520, 3284
0.8083289, 68550, 3285
0.8107807, 68580, 3286
0.8090305, 68610, 3287
0.8078406, 68640, 3288
0.8063778, 68670, 3289
0.8099947, 68700, 3290
0.8061922, 68730, 3291
0.8110081, 68760, 3292
0.8096825, 68790, 3293
0.8147236, 68820, 3294
0.8173217, 68850, 3295
0.8181892, 68880, 3296
0.8182038, 68910, 3297
0.8177193, 68940, 3298
0.8179522, 68970, 3299
0.823593, 69000, 3300
0.8170992, 69030, 3301
0.8218239, 69060, 3302
0.8220608, 69090, 3303
0.8232652, 69120, 3304
0.8263361, 69150, 3305
0.8186256, 69180, 3306
0.821336, 69210, 3307
0.8219438, 69240, 3308
0.8249393, 69270, 3309
0.8232678, 69300, 3310
0.8231267, 69330, 3311
0.8299246, 69360, 3312
0.8237183, 69390, 3313
0.8258434, 69420, 3314
0.8264734, 69450, 3315
0.8309964, 69480, 3316
0.830583, 69510, 3317
0.8317273, 69540, 3318
0.8328679, 69570, 3319
0.8345109, 69600, 3320
0.8323668, 69630, 3321
0.8325323, 69660, 3322
0.8324662, 69690, 3323
0.8355054, 69720, 3324
0.8344995, 69750, 3325
0.8360142, 69780, 3326
0.8362037, 69810, 3327
0.8402415, 69840, 3328
0.8384678, 69870, 3329
0.8407439, 69900, 3330
0.8415851, 69930, 3331
0.8434542, 69960, 3332
0.8445099, 69990, 3333
0.8473419, 70020, 3334
0.8406321, 70050, 3335
0.848219, 70080, 3336
0.843264, 70110, 3337
0.8457908, 70140, 3338
0.8505975, 70170, 3339
0.8490681, 70200, 3340
0.8488997, 70230, 3341
0.8536609, 70260, 3342
0.8492089, 70290, 3343
0.850713, 70320, 3344
0.8524949, 70350, 3345
0.856558, 70380, 3346
0.8549046, 70410, 3347
0.8564991, 70440, 3348
0.8594623, 70470, 3349
0.8565381, 70500, 3350
0.8631503, 70530, 3351
0.8574773, 70560, 3352
0.8575425, 70590, 3353
0.8641888, 70620, 3354
0.8576711, 70650, 3355
0.8629705, 70680, 3356
0.865874, 70710, 3357
0.8625055, 70740, 3358
0.8588785, 70770, 3359
0.8668186, 70800, 3360
0.8646358, 70830, 3361
0.8618633, 70860, 3362
0.8639289, 70890, 3363
0.8677678, 70920, 3364
0.8698578, 70950, 3365
0.8694023, 70980, 3366
0.8751576, 71010, 3367
0.8719088, 71040, 3368
0.8712552, 71070, 3369
0.8724161, 71100, 3370
0.8759447, 71130, 3371
0.872049, 71160, 3372
0.8721545, 71190, 3373
0.8754085, 71220, 3374
0.8749962, 71250, 3375
0.8784398, 71280, 3376
0.8784945, 71310, 3377
0.8795596, 71340, 3378
0.8815878, 71370, 3379
0.8807339, 71400, 3380
0.8832621, 71430, 3381
0.8812053, 71460, 3382
0.8783544, 71490, 3383
0.8865507, 71520, 3384
0.8794068, 71550, 3385
0.8833074, 71580, 3386
0.8886394, 71610, 3387
0.8892834, 71640, 3388
0.8841894, 71670, 3389
0.8827202, 71700, 3390
0.8885386, 71730, 3391
0.8853959, 71760, 3392
0.8884489, 71790, 3393
0.8875788, 71820, 3394
0.8901218, 71850, 3395
0.8926087, 71880, 3396
0.8898995, 71910, 3397
0.895456, 71940, 3398
0.896311, 71970, 3399
0.8956979, 72000, 3400
0.8928263, 72030, 3401
0.8977336, 72060, 3402
0.8942634, 72090, 3403
0.9023717, 72120, 3404
0.8991202, 72150, 3405
0.9033775, 72180, 3406
0.8995796, 72210, 3407
0.9054306, 72240, 3408
0.9032617, 72270, 3409
0.9065438, 72300, 3410
0.9067125, 72330, 3411
0.9051613, 72360, 3412
0.9076063, 72390, 3413
0.9058839, 72420, 3414
0.9036859, 72450, 3415
0.9086038, 72480, 3416
0.9107626, 72510, 3417
0.9101743, 72540, 3418
0.9046711, 72570, 3419
0.9086066, 72600, 3420
0.9083715, 72630, 3421
0.9175654, 72660, 3422
0.9121341, 72690, 3423
0.9140119, 72720, 3424
0.9160787, 72750, 3425
0.9224035, 72780, 3426
0.9182209, 72810, 3427
0.9200939, 72840, 3428
0.9200418, 72870, 3429
0.9209917, 72900, 3430
0.9208582, 72930, 3431
0.9247017, 72960, 3432
0.9194857, 72990, 3433
0.9232082, 73020, 3434
0.9262064, 73050, 3435
0.9292648, 73080, 3436
0.9282381, 73110, 3437
0.9262872, 73140, 3438
0.9260756, 73170, 3439
0.9266253, 73200, 3440
0.9321553, 73230, 3441
0.9314775, 73260, 3442
0.9332477, 73290, 3443
0.9275304, 73320, 3444
0.9313343, 73350, 3445
0.9297465, 73380, 3446
0.9360422, 73410, 3447
0.9351093, 73440, 3448
0.9328244, 73470, 3449
0.9371171, 73500, 3450
0.9369022, 73530, 3451
0.9429823, 73560, 3452
0.9330272, 73590, 3453
0.9373928, 73620, 3454
0.9442752, 73650, 3455
0.9437635, 73680, 3456
0.9439706, 73710, 3457
0.9488567, 73740, 3458
0.9518522, 73770, 3459
0.9419161, 73800, 3460
0.9493799, 73830, 3461
0.9472432, 73860, 3462
0.9499055, 73890, 3463
0.9532312, 73920, 3464
0.9508308, 73950, 3465
0.946656, 73980, 3466
0.9467813, 74010, 3467
0.9538647, 74040, 3468
0.9539074, 74070, 3469
0.9553641, 74100, 3470
0.946034, 74130, 3471
0.9473749, 74160, 3472
0.9516663, 74190, 3473
0.9585832, 74220, 3474
0.9579031, 74250, 3475
0.9615938, 74280, 3476
0.9597835, 74310, 3477
0.9640562, 74340, 3478
0.9641904, 74370, 3479
0.9673479, 74400, 3480
0.9665874, 74430, 3481
0.9648562, 74460, 3482
0.9603013, 74490, 3483
0.9645668, 74520, 3484
0.9660523, 74550, 3485
0.9695255, 74580, 3486
0.965507, 74610, 3487
0.9688397, 74640, 3488
0.9715511, 74670, 3489
0.9698824, 74700, 3490
0.9685, 74730, 3491
0.9716471, 74760, 3492
0.9776896, 74790, 3493
0.9730628, 74820, 3494
0.9803009, 74850, 3495
0.9753398, 74880, 3496
0.9773037, 74910, 3497
0.9826196, 74940, 3498
0.9758891, 74970, 3499
0.9795697, 75000, 3500
0.9829711, 75030, 3501
0.9761857, 75060, 3502
0.9834874, 75090, 3503
0.9853507, 75120, 3504
0.9888203, 75150, 3505
0.9876687, 75180, 3506
0.9922539, 75210, 3507
0.9848945, 75240, 3508
0.9916637, 75270, 3509
0.9871306, 75300, 3510
0.9944621, 75330, 3511
0.9925152, 75360, 3512
0.9917425, 75390, 3513
0.9912323, 75420, 3514
0.9935755, 75450, 3515
1.001532, 75480, 3516
1.001407, 75510, 3517
0.9971601, 75540, 3518
0.9915155, 75570, 3519
0.9978048, 75600, 3520
1.005253, 75630, 3521
0.9985118, 75660, 3522
1.001329, 75690, 3523
1.00672, 75720, 3524
1.009914, 75750, 3525
0.9996995, 75780, 3526
1.002458, 75810, 3527
1.008251, 75840, 3528
1.006061, 75870, 3529
1.009035, 75900, 3530
1.009199, 75930, 3531
1.006605, 75960, 3532
1.010637, 75990, 3533
1.015927, 76020, 3534
1.018941, 76050, 3535
1.017597, 76080, 3536
1.015593, 76110, 3537
1.018078, 76140, 3538
1.019938, 76170, 3539
1.014327, 76200, 3540
1.019404, 76230, 3541
1.018951, 76260, 3542
1.020961, 76290, 3543
1.022595, 76320, 3544
1.024221, 76350, 3545
1.021765, 76380, 3546
1.021392, 76410, 3547
1.029301, 76440, 3548
1.026449, 76470, 3549
1.025729, 76500, 3550
1.027684, 76530, 3551
1.030394, 76560, 3552
1.02801, 76590, 3553
1.03348, 76620, 3554
1.033382, 76650, 3555
1.035264, 76680, 3556
1.036344, 76710, 3557
1.037785, 76740, 3558
1.034377, 76770, 3559
1.033802, 76800, 3560
1.038209, 76830, 3561
1.046128, 76860, 3562
1.043062, 76890, 3563
1.045623, 76920, 3564
1.0443, 76950, 3565
1.044311, 76980, 3566
1.042952, 77010, 3567
1.045796, 77040, 3568
1.055073, 77070, 3569
1.047221, 77100, 3570
1.046233, 77130, 3571
1.050471, 77160, 3572
1.056459, 77190, 3573
1.052116, 77220, 3574
1.053039, 77250, 3575
1.050761, 77280, 3576
1.05146, 77310, 3577
1.058867, 77340, 3578
1.058437, 77370, 3579
1.056479, 77400, 3580
1.060815, 77430, 3581
1.065704, 77460, 3582
1.060371, 77490, 3583
1.067075, 77520, 3584
1.062373, 77550, 3585
1.063575, 77580, 3586
1.06369, 77610, 3587
1.069091, 77640, 3588
1.062351, 77670, 3589
1.067159, 77700, 3590
1.071707, 77730, 3591
1.062221, 77760, 3592
1.072497, 77790, 3593
1.072125, 77820, 3594
1.073968, 77850, 3595
1.069329, 77880, 3596
1.073377, 77910, 3597
1.074477, 77940, 3598
1.079171, 77970, 3599
1.078048, 78000, 3600
1.080187, 78030, 3601
1.078767, 78060, 3602
1.083532, 78090, 3603
1.084814, 78120, 3604
1.083035, 78150, 3605
1.080219, 78180, 3606
1.089114, 78210, 3607
1.083157, 78240, 3608
1.083401, 78270, 3609
1.090082, 78300, 3610
1.090406, 78330, 3611
1.090369, 78360, 3612
1.093392, 78390, 3613
1.095728, 78420, 3614
1.089778, 78450, 3615
1.092826, 78480, 3616
1.091581, 78510, 3617
1.099185, 78540, 3618
1.097578, 78570, 3619
1.095926, 78600, 3620
1.096033, 78630, 3621
1.097059, 78660, 3622
1.093825, 78690, 3623
1.09861, 78720, 3624
1.100682, 78750, 3625
1.101382, 78780, 3626
1.100825, 78810, 3627
1.107309, 78840, 3628
1.100797, 78870, 3629
1.104202, 78900, 3630
1.106806, 78930, 3631
1.110326, 78960, 3632
1.107607, 78990, 3633
1.108445, 79020, 3634
1.109654, 79050, 3635
1.103803, 79080, 3636
1.105355, 79110, 3637
1.109512, 79140, 3638
1.106159, 79170, 3639
1.11236, 79200, 3640
1.115084, 79230, 3641
1.118153, 79260, 3642
1.119018, 79290, 3643
1.121457, 79320, 3644
1.1193, 79350, 3645
1.115413, 79380, 3646
1.125081, 79410, 3647
1.119636, 79440, 3648
1.121914, 79470, 3649
1.123372, 79500, 3650
1.124391, 79530, 3651
1.127082, 79560, 3652
1.125916, 79590, 3653
1.12542, 79620, 3654
1.12772, 79650, 3655
1.123564, 79680, 3656
1.131597, 79710, 3657
1.12863, 79740, 3658
1.127947, 79770, 3659
1.12952, 79800, 3660
1.132516, 79830, 3661
1.132455, 79860, 3662
1.131908, 79890, 3663
1.133933, 79920, 3664
1.131511, 79950, 3665
1.13131, 79980, 3666
1.133013, 80010, 3667
1.135969, 80040, 3668
1.140215, 80070, 3669
1.147224, 80100, 3670
1.137283, 80130, 3671
1.145852, 80160, 3672
1.138787, 80190, 3673
1.13832, 80220, 3674
1.141445, 80250, 3675
1.142111, 80280, 3676
1.140906, 80310, 3677
1.146476, 80340, 3678
1.151048, 80370, 3679
1.149775, 80400, 3680
1.146723, 80430, 3681
1.150016, 80460, 3682
1.146996, 80490, 3683
1.139952, 80520, 3684
1.148196, 80550, 3685
1.150481, 80580, 3686
1.14428, 80610, 3687
1.149572, 80640, 3688
1.153629, 80670, 3689
1.156379, 80700, 3690
1.150684, 80730, 3691
1.152816, 80760, 3692
1.154695, 80790, 3693
1.160288, 80820, 3694
1.158956, 80850, 3695
1.15931, 80880, 3696
1.154313, 80910, 3697
1.157242, 80940, 3698
1.156518, 80970, 3699
1.158119, 81000, 3700
1.16382, 81030, 3701
1.159038, 81060, 3702
1.162093, 81090, 3703
1.162947, 81120, 3704
1.163834, 81150, 3705
1.159567, 81180, 3706
1.161038, 81210, 3707
